Temp 20.0
conc 10.0
detDist 1205
mw 20700
sample polymer1
7.70607e-02 9.45295e-02 1.61169e-03 2.16704e-03
8.56227e-02 8.92351e-02 1.27319e-03 2.17282e-03
9.41846e-02 8.82476e-02 1.15410e-03 2.17920e-03
1.02746e-01 8.74884e-02 1.07285e-03 2.18617e-03
1.11308e-01 8.73781e-02 9.99227e-04 2.19371e-03
1.19870e-01 8.51776e-02 9.72008e-04 2.20183e-03
1.28431e-01 8.41958e-02 9.16278e-04 2.21051e-03
1.36993e-01 8.10686e-02 8.57474e-04 2.21976e-03
1.45554e-01 7.86476e-02 8.22453e-04 2.22956e-03
1.54115e-01 7.75601e-02 8.11987e-04 2.23991e-03
1.62676e-01 7.62045e-02 7.64893e-04 2.25080e-03
1.71236e-01 7.62175e-02 7.34240e-04 2.26222e-03
1.79797e-01 7.36772e-02 7.12810e-04 2.27416e-03
1.88357e-01 7.17529e-02 7.00340e-04 2.28662e-03
1.96918e-01 7.01296e-02 6.74100e-04 2.29958e-03
2.05477e-01 7.00787e-02 6.49350e-04 2.31304e-03
2.14037e-01 6.84904e-02 6.21077e-04 2.32700e-03
2.22597e-01 6.65508e-02 5.99542e-04 2.34143e-03
2.31156e-01 6.31493e-02 5.81437e-04 2.35633e-03
2.39715e-01 6.27332e-02 6.10964e-04 2.37170e-03
2.48274e-01 6.22962e-02 6.43490e-04 2.38752e-03
2.56832e-01 5.90688e-02 6.02245e-04 2.40379e-03
2.65391e-01 5.90092e-02 5.60791e-04 2.42049e-03
2.73949e-01 5.74511e-02 5.35538e-04 2.43762e-03
2.82506e-01 5.49123e-02 5.18550e-04 2.45517e-03
2.91064e-01 5.38493e-02 5.10418e-04 2.47312e-03
2.99621e-01 5.25601e-02 4.94740e-04 2.49148e-03
3.08178e-01 5.06125e-02 4.91844e-04 2.51022e-03
3.16734e-01 4.97888e-02 4.75636e-04 2.52935e-03
3.25290e-01 4.87271e-02 4.65330e-04 2.54885e-03
3.33846e-01 4.76587e-02 4.56266e-04 2.56872e-03
3.42401e-01 4.69020e-02 4.49712e-04 2.58894e-03
3.50957e-01 4.50828e-02 4.40606e-04 2.60952e-03
3.59511e-01 4.36499e-02 4.32523e-04 2.63043e-03
3.68066e-01 4.33535e-02 4.23114e-04 2.65167e-03
3.76620e-01 4.33498e-02 4.15214e-04 2.67324e-03
3.85173e-01 4.11902e-02 4.09223e-04 2.69512e-03
3.93726e-01 4.00160e-02 4.01775e-04 2.71731e-03
4.02279e-01 3.86648e-02 3.93176e-04 2.73980e-03
4.10831e-01 3.82596e-02 3.92551e-04 2.76259e-03
4.19383e-01 3.78577e-02 4.03117e-04 2.78566e-03
4.27935e-01 3.64765e-02 4.07334e-04 2.80901e-03
4.36486e-01 3.51769e-02 4.01418e-04 2.83263e-03
4.45036e-01 3.49720e-02 3.95295e-04 2.85651e-03
4.53587e-01 3.39999e-02 3.89974e-04 2.88066e-03
4.62136e-01 3.29101e-02 3.78090e-04 2.90505e-03
4.70685e-01 3.26772e-02 3.66116e-04 2.92969e-03
4.79234e-01 3.14899e-02 3.52967e-04 2.95457e-03
4.87782e-01 3.04659e-02 3.65781e-04 2.97969e-03
4.96330e-01 2.92894e-02 3.90836e-04 3.00503e-03
5.04877e-01 2.96455e-02 4.16411e-04 3.03059e-03
5.13424e-01 2.81474e-02 4.40840e-04 3.05637e-03
5.21970e-01 2.82359e-02 4.72658e-04 3.08235e-03
5.30515e-01 2.84714e-02 4.94731e-04 3.10854e-03
5.39060e-01 2.74105e-02 5.16167e-04 3.13494e-03
5.47605e-01 2.70898e-02 5.25941e-04 3.16152e-03
5.56148e-01 2.61503e-02 5.43601e-04 3.18830e-03
5.64692e-01 2.61562e-02 5.64862e-04 3.21525e-03
5.73234e-01 2.47652e-02 5.78605e-04 3.24239e-03
5.81776e-01 2.36041e-02 6.06655e-04 3.26971e-03
5.90318e-01 2.43552e-02 6.45059e-04 3.29719e-03
5.98859e-01 2.29995e-02 6.88690e-04 3.32484e-03
6.07399e-01 2.18785e-02 7.55622e-04 3.35266e-03
6.15939e-01 2.05493e-02 8.13743e-04 3.38063e-03
6.24478e-01 2.25029e-02 8.36406e-04 3.40875e-03
6.33016e-01 2.06781e-02 9.09543e-04 3.43703e-03
Temp 20.0
conc 10.0
detDist 7705
mw 20700
sample polymer1
4.92464e-01 3.14679e-02 8.68400e-05 5.24456e-03
5.47108e-01 2.67613e-02 7.07334e-05 5.33941e-03
6.01729e-01 2.28029e-02 6.33846e-05 5.44227e-03
6.56325e-01 1.94274e-02 5.92727e-05 5.55267e-03
7.10892e-01 1.67174e-02 5.51961e-05 5.67015e-03
7.65430e-01 1.46476e-02 5.13916e-05 5.79427e-03
8.19935e-01 1.27544e-02 4.79403e-05 5.92459e-03
8.74405e-01 1.12167e-02 4.48895e-05 6.06068e-03
9.28838e-01 1.00737e-02 4.28473e-05 6.20215e-03
9.83232e-01 9.04974e-03 4.13638e-05 6.34862e-03
1.03758e+00 8.25506e-03 4.06959e-05 6.49972e-03
1.09189e+00 7.64408e-03 3.89815e-05 6.65511e-03
1.14615e+00 7.00355e-03 3.71034e-05 6.81447e-03
1.20037e+00 6.46907e-03 3.62697e-05 6.97752e-03
1.25453e+00 6.00823e-03 3.52973e-05 7.14396e-03
1.30864e+00 5.61887e-03 3.41783e-05 7.31355e-03
1.36270e+00 5.22316e-03 3.31124e-05 7.48604e-03
1.41670e+00 4.92225e-03 3.24579e-05 7.66121e-03
1.47064e+00 4.63085e-03 3.22038e-05 7.83885e-03
1.52452e+00 4.43104e-03 3.24464e-05 8.01877e-03
1.57833e+00 4.29143e-03 3.32766e-05 8.20079e-03
1.63208e+00 4.12510e-03 3.23365e-05 8.38475e-03
1.68577e+00 3.98466e-03 3.06979e-05 8.57049e-03
1.73938e+00 3.79698e-03 2.93486e-05 8.75788e-03
1.79292e+00 3.66365e-03 2.88894e-05 8.94677e-03
1.84639e+00 3.52579e-03 2.87044e-05 9.13705e-03
1.89978e+00 3.38970e-03 2.80345e-05 9.32861e-03
1.95309e+00 3.29471e-03 2.75014e-05 9.52133e-03
2.00632e+00 3.17210e-03 2.71018e-05 9.71512e-03
2.05948e+00 3.10810e-03 2.67399e-05 9.90988e-03
2.11254e+00 3.00718e-03 2.63503e-05 1.01055e-02
2.16553e+00 2.92292e-03 2.61982e-05 1.03020e-02
2.21842e+00 2.85197e-03 2.58790e-05 1.04992e-02
2.27122e+00 2.76080e-03 2.52851e-05 1.06971e-02
2.32394e+00 2.70340e-03 2.49248e-05 1.08955e-02
2.37656e+00 2.63325e-03 2.45289e-05 1.10945e-02
2.42908e+00 2.56697e-03 2.41926e-05 1.12940e-02
2.48151e+00 2.50930e-03 2.37766e-05 1.14939e-02
2.53384e+00 2.45824e-03 2.40112e-05 1.16942e-02
2.58607e+00 2.42292e-03 2.39275e-05 1.18948e-02
2.63819e+00 2.34346e-03 2.38086e-05 1.20957e-02
2.69021e+00 2.28969e-03 2.41646e-05 1.22968e-02
2.74213e+00 2.20927e-03 2.41935e-05 1.24981e-02
2.79394e+00 2.18888e-03 2.39909e-05 1.26996e-02
2.84564e+00 2.15349e-03 2.35624e-05 1.29012e-02
2.89722e+00 2.12485e-03 2.33397e-05 1.31029e-02
2.94870e+00 2.09684e-03 2.26213e-05 1.33046e-02
3.00006e+00 2.02440e-03 2.19102e-05 1.35064e-02
3.05131e+00 2.00392e-03 2.26599e-05 1.37082e-02
3.10244e+00 2.00495e-03 2.48909e-05 1.39099e-02
3.15345e+00 1.96077e-03 2.65289e-05 1.41116e-02
3.20434e+00 1.93698e-03 2.82295e-05 1.43132e-02
3.25511e+00 1.90041e-03 2.99003e-05 1.45146e-02
3.30575e+00 1.85896e-03 3.12983e-05 1.47160e-02
3.35627e+00 1.83572e-03 3.27996e-05 1.49172e-02
3.40667e+00 1.85599e-03 3.37476e-05 1.51182e-02
3.45693e+00 1.82534e-03 3.50117e-05 1.53190e-02
3.50707e+00 1.79801e-03 3.62164e-05 1.55196e-02
3.55708e+00 1.78348e-03 3.78667e-05 1.57199e-02
3.60696e+00 1.71432e-03 4.02048e-05 1.59201e-02
3.65670e+00 1.73494e-03 4.25641e-05 1.61199e-02
3.70631e+00 1.68821e-03 4.56327e-05 1.63195e-02
3.75579e+00 1.72208e-03 4.87420e-05 1.65187e-02
3.80513e+00 1.74369e-03 5.20701e-05 1.67177e-02
3.85433e+00 1.80316e-03 5.57973e-05 1.69163e-02
3.90339e+00 1.66840e-03 5.93841e-05 1.71146e-02
Temp 50.0
conc 10.0
detDist 1205
mw 20700
sample polymer1
7.70607e-02 6.87829e-01 2.74481e-03 2.16704e-03
8.56227e-02 4.09807e-01 1.88288e-03 2.17282e-03
9.41846e-02 2.62664e-01 1.51099e-03 2.17920e-03
1.02746e-01 1.81020e-01 1.27419e-03 2.18617e-03
1.11308e-01 1.30195e-01 1.09601e-03 2.19371e-03
1.19870e-01 9.79694e-02 1.00462e-03 2.20183e-03
1.28431e-01 7.76753e-02 9.03525e-04 2.21051e-03
1.36993e-01 6.30582e-02 8.18624e-04 2.21976e-03
1.45554e-01 5.33244e-02 7.65622e-04 2.22956e-03
1.54115e-01 4.79804e-02 7.49460e-04 2.23991e-03
1.62676e-01 4.14419e-02 6.89046e-04 2.25080e-03
1.71236e-01 3.79302e-02 6.52888e-04 2.26222e-03
1.79797e-01 3.41272e-02 6.27475e-04 2.27416e-03
1.88357e-01 3.11099e-02 6.12124e-04 2.28662e-03
1.96918e-01 2.92601e-02 5.87876e-04 2.29958e-03
2.05477e-01 2.83057e-02 5.62598e-04 2.31304e-03
2.14037e-01 2.71870e-02 5.37972e-04 2.32700e-03
2.22597e-01 2.60822e-02 5.17575e-04 2.34143e-03
2.31156e-01 2.51873e-02 5.05939e-04 2.35633e-03
2.39715e-01 2.34966e-02 5.28248e-04 2.37170e-03
2.48274e-01 2.34748e-02 5.56697e-04 2.38752e-03
2.56832e-01 2.25695e-02 5.26061e-04 2.40379e-03
2.65391e-01 2.28077e-02 4.86972e-04 2.42049e-03
2.73949e-01 2.25086e-02 4.64673e-04 2.43762e-03
2.82506e-01 2.23326e-02 4.54928e-04 2.45517e-03
2.91064e-01 2.18824e-02 4.47999e-04 2.47312e-03
2.99621e-01 2.18339e-02 4.34690e-04 2.49148e-03
3.08178e-01 2.12186e-02 4.35154e-04 2.51022e-03
3.16734e-01 2.08103e-02 4.21464e-04 2.52935e-03
3.25290e-01 2.05928e-02 4.11650e-04 2.54885e-03
3.33846e-01 2.04022e-02 4.04456e-04 2.56872e-03
3.42401e-01 2.00317e-02 3.99791e-04 2.58894e-03
3.50957e-01 2.01628e-02 3.94780e-04 2.60952e-03
3.59511e-01 2.01002e-02 3.89723e-04 2.63043e-03
3.68066e-01 1.91596e-02 3.79550e-04 2.65167e-03
3.76620e-01 1.87404e-02 3.71032e-04 2.67324e-03
3.85173e-01 1.87158e-02 3.69142e-04 2.69512e-03
3.93726e-01 1.85161e-02 3.63608e-04 2.71731e-03
4.02279e-01 1.83147e-02 3.56365e-04 2.73980e-03
4.10831e-01 1.79959e-02 3.55347e-04 2.76259e-03
4.19383e-01 1.83105e-02 3.66663e-04 2.78566e-03
4.27935e-01 1.72867e-02 3.71743e-04 2.80901e-03
4.36486e-01 1.76959e-02 3.70469e-04 2.83263e-03
4.45036e-01 1.71928e-02 3.61694e-04 2.85651e-03
4.53587e-01 1.72351e-02 3.59647e-04 2.88066e-03
4.62136e-01 1.71765e-02 3.50699e-04 2.90505e-03
4.70685e-01 1.72509e-02 3.39182e-04 2.92969e-03
4.79234e-01 1.65062e-02 3.28255e-04 2.95457e-03
4.87782e-01 1.64366e-02 3.41900e-04 2.97969e-03
4.96330e-01 1.63456e-02 3.67476e-04 3.00503e-03
5.04877e-01 1.56759e-02 3.87815e-04 3.03059e-03
5.13424e-01 1.62578e-02 4.16524e-04 3.05637e-03
5.21970e-01 1.59813e-02 4.44080e-04 3.08235e-03
5.30515e-01 1.56489e-02 4.64175e-04 3.10854e-03
5.39060e-01 1.56436e-02 4.87286e-04 3.13494e-03
5.47605e-01 1.52057e-02 4.94988e-04 3.16152e-03
5.56148e-01 1.52223e-02 5.14858e-04 3.18830e-03
5.64692e-01 1.52488e-02 5.33992e-04 3.21525e-03
5.73234e-01 1.48571e-02 5.49583e-04 3.24239e-03
5.81776e-01 1.45994e-02 5.80496e-04 3.26971e-03
5.90318e-01 1.46913e-02 6.14293e-04 3.29719e-03
5.98859e-01 1.40085e-02 6.59008e-04 3.32484e-03
6.07399e-01 1.27644e-02 7.22891e-04 3.35266e-03
6.15939e-01 1.37497e-02 7.92759e-04 3.38063e-03
6.24478e-01 1.44935e-02 8.03633e-04 3.40875e-03
6.33016e-01 1.39839e-02 8.80467e-04 3.43703e-03
Temp 50.0
conc 10.0
detDist 7705
mw 20700
sample polymer1
4.92464e-01 1.58196e-02 7.59165e-05 5.24456e-03
5.47108e-01 1.45132e-02 6.36244e-05 5.33941e-03
6.01729e-01 1.32595e-02 5.83145e-05 5.44227e-03
6.56325e-01 1.21586e-02 5.56140e-05 5.55267e-03
7.10892e-01 1.11387e-02 5.25481e-05 5.67015e-03
7.65430e-01 1.02573e-02 4.94306e-05 5.79427e-03
8.19935e-01 9.39354e-03 4.65330e-05 5.92459e-03
8.74405e-01 8.64941e-03 4.38886e-05 6.06068e-03
9.28838e-01 8.04083e-03 4.21023e-05 6.20215e-03
9.83232e-01 7.47875e-03 4.08218e-05 6.34862e-03
1.03758e+00 6.99371e-03 4.02756e-05 6.49972e-03
1.09189e+00 6.63503e-03 3.86710e-05 6.65511e-03
1.14615e+00 6.27024e-03 3.69132e-05 6.81447e-03
1.20037e+00 5.92173e-03 3.61442e-05 6.97752e-03
1.25453e+00 5.58904e-03 3.52127e-05 7.14396e-03
1.30864e+00 5.36686e-03 3.41569e-05 7.31355e-03
1.36270e+00 5.11616e-03 3.31415e-05 7.48604e-03
1.41670e+00 4.91843e-03 3.25232e-05 7.66121e-03
1.47064e+00 4.66729e-03 3.22742e-05 7.83885e-03
1.52452e+00 4.46556e-03 3.25169e-05 8.01877e-03
1.57833e+00 4.38691e-03 3.33637e-05 8.20079e-03
1.63208e+00 4.28327e-03 3.24424e-05 8.38475e-03
1.68577e+00 4.15160e-03 3.08058e-05 8.57049e-03
1.73938e+00 3.97243e-03 2.94519e-05 8.75788e-03
1.79292e+00 3.86413e-03 2.90005e-05 8.94677e-03
1.84639e+00 3.76978e-03 2.88325e-05 9.13705e-03
1.89978e+00 3.65757e-03 2.81636e-05 9.32861e-03
1.95309e+00 3.58218e-03 2.76335e-05 9.52133e-03
2.00632e+00 3.51348e-03 2.72518e-05 9.71512e-03
2.05948e+00 3.47439e-03 2.68898e-05 9.90988e-03
2.11254e+00 3.35495e-03 2.64916e-05 1.01055e-02
2.16553e+00 3.26648e-03 2.63364e-05 1.03020e-02
2.21842e+00 3.19802e-03 2.60190e-05 1.04992e-02
2.27122e+00 3.12717e-03 2.54281e-05 1.06971e-02
2.32394e+00 3.06505e-03 2.50585e-05 1.08955e-02
2.37656e+00 3.02260e-03 2.46741e-05 1.10945e-02
2.42908e+00 2.94413e-03 2.43311e-05 1.12940e-02
2.48151e+00 2.90358e-03 2.39177e-05 1.14939e-02
2.53384e+00 2.83818e-03 2.41516e-05 1.16942e-02
2.58607e+00 2.78374e-03 2.40621e-05 1.18948e-02
2.63819e+00 2.74016e-03 2.39527e-05 1.20957e-02
2.69021e+00 2.68870e-03 2.43092e-05 1.22968e-02
2.74213e+00 2.60449e-03 2.43402e-05 1.24981e-02
2.79394e+00 2.59438e-03 2.41378e-05 1.26996e-02
2.84564e+00 2.57899e-03 2.37116e-05 1.29012e-02
2.89722e+00 2.56932e-03 2.34976e-05 1.31029e-02
2.94870e+00 2.50765e-03 2.27636e-05 1.33046e-02
3.00006e+00 2.45902e-03 2.20478e-05 1.35064e-02
3.05131e+00 2.44729e-03 2.28078e-05 1.37082e-02
3.10244e+00 2.42367e-03 2.50432e-05 1.39099e-02
3.15345e+00 2.40529e-03 2.67051e-05 1.41116e-02
3.20434e+00 2.38998e-03 2.84179e-05 1.43132e-02
3.25511e+00 2.34323e-03 3.00942e-05 1.45146e-02
3.30575e+00 2.29756e-03 3.15042e-05 1.47160e-02
3.35627e+00 2.30280e-03 3.30267e-05 1.49172e-02
3.40667e+00 2.29442e-03 3.39702e-05 1.51182e-02
3.45693e+00 2.28444e-03 3.52554e-05 1.53190e-02
3.50707e+00 2.26223e-03 3.64628e-05 1.55196e-02
3.55708e+00 2.25769e-03 3.81285e-05 1.57199e-02
3.60696e+00 2.17555e-03 4.04806e-05 1.59201e-02
3.65670e+00 2.21783e-03 4.28751e-05 1.61199e-02
3.70631e+00 2.16879e-03 4.59581e-05 1.63195e-02
3.75579e+00 2.19232e-03 4.90680e-05 1.65187e-02
3.80513e+00 2.20696e-03 5.24349e-05 1.67177e-02
3.85433e+00 2.19237e-03 5.61247e-05 1.69163e-02
3.90339e+00 2.09959e-03 5.97834e-05 1.71146e-02
Temp 40.0
conc 10.0
detDist 7705
mw 20700
sample polymer1
4.92464e-01 3.92736e-02 9.25497e-05 5.24456e-03
5.47108e-01 3.35326e-02 7.48369e-05 5.33941e-03
6.01729e-01 2.87711e-02 6.67345e-05 5.44227e-03
6.56325e-01 2.44572e-02 6.19337e-05 5.55267e-03
7.10892e-01 2.10722e-02 5.73992e-05 5.67015e-03
7.65430e-01 1.83441e-02 5.31386e-05 5.79427e-03
8.19935e-01 1.59314e-02 4.93753e-05 5.92459e-03
8.74405e-01 1.39534e-02 4.60646e-05 6.06068e-03
9.28838e-01 1.24214e-02 4.37988e-05 6.20215e-03
9.83232e-01 1.11927e-02 4.22091e-05 6.34862e-03
1.03758e+00 1.01188e-02 4.14121e-05 6.49972e-03
1.09189e+00 9.25108e-03 3.95678e-05 6.65511e-03
1.14615e+00 8.46285e-03 3.76130e-05 6.81447e-03
1.20037e+00 7.79003e-03 3.67225e-05 6.97752e-03
1.25453e+00 7.17051e-03 3.56795e-05 7.14396e-03
1.30864e+00 6.68163e-03 3.45218e-05 7.31355e-03
1.36270e+00 6.19274e-03 3.34054e-05 7.48604e-03
1.41670e+00 5.82224e-03 3.27322e-05 7.66121e-03
1.47064e+00 5.45869e-03 3.24548e-05 7.83885e-03
1.52452e+00 5.16266e-03 3.26657e-05 8.01877e-03
1.57833e+00 4.94119e-03 3.34689e-05 8.20079e-03
1.63208e+00 4.75210e-03 3.25258e-05 8.38475e-03
1.68577e+00 4.59249e-03 3.08727e-05 8.57049e-03
1.73938e+00 4.36552e-03 2.95031e-05 8.75788e-03
1.79292e+00 4.19260e-03 2.90325e-05 8.94677e-03
1.84639e+00 4.01742e-03 2.88299e-05 9.13705e-03
1.89978e+00 3.90938e-03 2.81685e-05 9.32861e-03
1.95309e+00 3.75400e-03 2.76124e-05 9.52133e-03
2.00632e+00 3.62358e-03 2.72161e-05 9.71512e-03
2.05948e+00 3.50955e-03 2.68304e-05 9.90988e-03
2.11254e+00 3.38589e-03 2.64355e-05 1.01055e-02
2.16553e+00 3.31258e-03 2.62866e-05 1.03020e-02
2.21842e+00 3.22771e-03 2.59649e-05 1.04992e-02
2.27122e+00 3.11661e-03 2.53624e-05 1.06971e-02
2.32394e+00 3.03710e-03 2.49909e-05 1.08955e-02
2.37656e+00 2.97147e-03 2.45994e-05 1.10945e-02
2.42908e+00 2.89598e-03 2.42612e-05 1.12940e-02
2.48151e+00 2.81978e-03 2.38403e-05 1.14939e-02
2.53384e+00 2.74397e-03 2.40670e-05 1.16942e-02
2.58607e+00 2.70698e-03 2.39840e-05 1.18948e-02
2.63819e+00 2.64867e-03 2.38726e-05 1.20957e-02
2.69021e+00 2.57676e-03 2.42210e-05 1.22968e-02
2.74213e+00 2.49623e-03 2.42527e-05 1.24981e-02
2.79394e+00 2.47607e-03 2.40485e-05 1.26996e-02
2.84564e+00 2.43182e-03 2.36170e-05 1.29012e-02
2.89722e+00 2.39012e-03 2.33913e-05 1.31029e-02
2.94870e+00 2.36229e-03 2.26724e-05 1.33046e-02
3.00006e+00 2.27517e-03 2.19526e-05 1.35064e-02
3.05131e+00 2.26000e-03 2.27052e-05 1.37082e-02
3.10244e+00 2.27171e-03 2.49460e-05 1.39099e-02
3.15345e+00 2.23257e-03 2.65869e-05 1.41116e-02
3.20434e+00 2.21367e-03 2.82918e-05 1.43132e-02
3.25511e+00 2.14321e-03 2.99547e-05 1.45146e-02
3.30575e+00 2.12371e-03 3.13744e-05 1.47160e-02
3.35627e+00 2.06961e-03 3.28605e-05 1.49172e-02
3.40667e+00 2.08341e-03 3.38118e-05 1.51182e-02
3.45693e+00 2.09861e-03 3.50960e-05 1.53190e-02
3.50707e+00 2.09635e-03 3.63143e-05 1.55196e-02
3.55708e+00 2.00955e-03 3.79338e-05 1.57199e-02
3.60696e+00 1.92189e-03 4.02685e-05 1.59201e-02
3.65670e+00 1.96280e-03 4.26524e-05 1.61199e-02
3.70631e+00 1.93070e-03 4.57333e-05 1.63195e-02
3.75579e+00 1.95355e-03 4.88204e-05 1.65187e-02
3.80513e+00 2.01404e-03 5.21931e-05 1.67177e-02
3.85433e+00 2.04413e-03 5.58903e-05 1.69163e-02
3.90339e+00 1.90505e-03 5.95124e-05 1.71146e-02
Temp 30.0
conc 10.0
detDist 1205
mw 20700
sample polymer1
7.70607e-02 1.49214e-01 1.76545e-03 2.16704e-03
8.56227e-02 1.42854e-01 1.40820e-03 2.17282e-03
9.41846e-02 1.39183e-01 1.27737e-03 2.17920e-03
1.02746e-01 1.37846e-01 1.19096e-03 2.18617e-03
1.11308e-01 1.33671e-01 1.10421e-03 2.19371e-03
1.19870e-01 1.29460e-01 1.07280e-03 2.20183e-03
1.28431e-01 1.27202e-01 1.00948e-03 2.21051e-03
1.36993e-01 1.25350e-01 9.51800e-04 2.21976e-03
1.45554e-01 1.23666e-01 9.16743e-04 2.22956e-03
1.54115e-01 1.18862e-01 8.98400e-04 2.23991e-03
1.62676e-01 1.15369e-01 8.43455e-04 2.25080e-03
1.71236e-01 1.16241e-01 8.11864e-04 2.26222e-03
1.79797e-01 1.11171e-01 7.85530e-04 2.27416e-03
1.88357e-01 1.09140e-01 7.71120e-04 2.28662e-03
1.96918e-01 1.04835e-01 7.39382e-04 2.29958e-03
2.05477e-01 1.03923e-01 7.13362e-04 2.31304e-03
2.14037e-01 1.01461e-01 6.82603e-04 2.32700e-03
2.22597e-01 9.85012e-02 6.56972e-04 2.34143e-03
2.31156e-01 9.35421e-02 6.35461e-04 2.35633e-03
2.39715e-01 9.11409e-02 6.65812e-04 2.37170e-03
2.48274e-01 9.11128e-02 7.00852e-04 2.38752e-03
2.56832e-01 8.87181e-02 6.59906e-04 2.40379e-03
2.65391e-01 8.55976e-02 6.09272e-04 2.42049e-03
2.73949e-01 8.42284e-02 5.83992e-04 2.43762e-03
2.82506e-01 8.20150e-02 5.67640e-04 2.45517e-03
2.91064e-01 8.00458e-02 5.57409e-04 2.47312e-03
2.99621e-01 7.69132e-02 5.39096e-04 2.49148e-03
3.08178e-01 7.50917e-02 5.35205e-04 2.51022e-03
3.16734e-01 7.24742e-02 5.15828e-04 2.52935e-03
3.25290e-01 7.12009e-02 5.04863e-04 2.54885e-03
3.33846e-01 7.00107e-02 4.96180e-04 2.56872e-03
3.42401e-01 6.81657e-02 4.87101e-04 2.58894e-03
3.50957e-01 6.60915e-02 4.77544e-04 2.60952e-03
3.59511e-01 6.31055e-02 4.67397e-04 2.63043e-03
3.68066e-01 6.13906e-02 4.55249e-04 2.65167e-03
3.76620e-01 6.10795e-02 4.45522e-04 2.67324e-03
3.85173e-01 5.90750e-02 4.40409e-04 2.69512e-03
3.93726e-01 5.67723e-02 4.30946e-04 2.71731e-03
4.02279e-01 5.43799e-02 4.20379e-04 2.73980e-03
4.10831e-01 5.33826e-02 4.19150e-04 2.76259e-03
4.19383e-01 5.30454e-02 4.30061e-04 2.78566e-03
4.27935e-01 5.17564e-02 4.35307e-04 2.80901e-03
4.36486e-01 5.02384e-02 4.29028e-04 2.83263e-03
4.45036e-01 4.86704e-02 4.19636e-04 2.85651e-03
4.53587e-01 4.69528e-02 4.13191e-04 2.88066e-03
4.62136e-01 4.60870e-02 4.01481e-04 2.90505e-03
4.70685e-01 4.51906e-02 3.87349e-04 2.92969e-03
4.79234e-01 4.43887e-02 3.75403e-04 2.95457e-03
4.87782e-01 4.28253e-02 3.87851e-04 2.97969e-03
4.96330e-01 4.18565e-02 4.15877e-04 3.00503e-03
5.04877e-01 4.08732e-02 4.39533e-04 3.03059e-03
5.13424e-01 3.99911e-02 4.67942e-04 3.05637e-03
5.21970e-01 3.94025e-02 4.98011e-04 3.08235e-03
5.30515e-01 3.77807e-02 5.17939e-04 3.10854e-03
5.39060e-01 3.62468e-02 5.39626e-04 3.13494e-03
5.47605e-01 3.53538e-02 5.48460e-04 3.16152e-03
5.56148e-01 3.49529e-02 5.67105e-04 3.18830e-03
5.64692e-01 3.51772e-02 5.91287e-04 3.21525e-03
5.73234e-01 3.33617e-02 6.05457e-04 3.24239e-03
5.81776e-01 3.28424e-02 6.38585e-04 3.26971e-03
5.90318e-01 3.35451e-02 6.79750e-04 3.29719e-03
5.98859e-01 3.12510e-02 7.19527e-04 3.32484e-03
6.07399e-01 3.04635e-02 7.89229e-04 3.35266e-03
6.15939e-01 3.02291e-02 8.59414e-04 3.38063e-03
6.24478e-01 2.99506e-02 8.72328e-04 3.40875e-03
6.33016e-01 2.88402e-02 9.51434e-04 3.43703e-03
Temp 45.0
conc 10.0
detDist 1205
mw 20700
sample polymer1
7.70607e-02 5.30093e-01 2.50210e-03 2.16704e-03
8.56227e-02 3.20631e-01 1.73792e-03 2.17282e-03
9.41846e-02 2.14752e-01 1.42277e-03 2.17920e-03
1.02746e-01 1.55487e-01 1.22249e-03 2.18617e-03
1.11308e-01 1.19460e-01 1.07218e-03 2.19371e-03
1.19870e-01 9.56311e-02 9.98742e-04 2.20183e-03
1.28431e-01 8.02826e-02 9.09181e-04 2.21051e-03
1.36993e-01 7.16708e-02 8.36105e-04 2.21976e-03
1.45554e-01 6.31088e-02 7.86197e-04 2.22956e-03
1.54115e-01 5.56722e-02 7.64428e-04 2.23991e-03
1.62676e-01 5.28680e-02 7.15416e-04 2.25080e-03
1.71236e-01 5.05308e-02 6.80655e-04 2.26222e-03
1.79797e-01 4.71148e-02 6.57047e-04 2.27416e-03
1.88357e-01 4.43452e-02 6.43892e-04 2.28662e-03
1.96918e-01 4.30616e-02 6.18943e-04 2.29958e-03
2.05477e-01 4.29606e-02 5.97096e-04 2.31304e-03
2.14037e-01 4.08780e-02 5.66269e-04 2.32700e-03
2.22597e-01 3.97194e-02 5.46004e-04 2.34143e-03
2.31156e-01 3.81828e-02 5.33325e-04 2.35633e-03
2.39715e-01 3.76645e-02 5.59321e-04 2.37170e-03
2.48274e-01 3.81958e-02 5.91689e-04 2.38752e-03
2.56832e-01 3.60127e-02 5.55485e-04 2.40379e-03
2.65391e-01 3.58187e-02 5.15111e-04 2.42049e-03
2.73949e-01 3.52392e-02 4.92798e-04 2.43762e-03
2.82506e-01 3.41757e-02 4.79360e-04 2.45517e-03
2.91064e-01 3.42201e-02 4.73352e-04 2.47312e-03
2.99621e-01 3.40379e-02 4.59430e-04 2.49148e-03
3.08178e-01 3.32174e-02 4.59295e-04 2.51022e-03
3.16734e-01 3.22483e-02 4.44028e-04 2.52935e-03
3.25290e-01 3.25579e-02 4.36408e-04 2.54885e-03
3.33846e-01 3.15294e-02 4.26633e-04 2.56872e-03
3.42401e-01 3.08775e-02 4.21524e-04 2.58894e-03
3.50957e-01 3.01221e-02 4.13302e-04 2.60952e-03
3.59511e-01 2.99732e-02 4.08411e-04 2.63043e-03
3.68066e-01 2.96222e-02 3.99348e-04 2.65167e-03
3.76620e-01 2.95264e-02 3.91587e-04 2.67324e-03
3.85173e-01 2.87785e-02 3.88236e-04 2.69512e-03
3.93726e-01 2.88781e-02 3.82723e-04 2.71731e-03
4.02279e-01 2.82483e-02 3.75206e-04 2.73980e-03
4.10831e-01 2.77419e-02 3.74399e-04 2.76259e-03
4.19383e-01 2.71241e-02 3.84155e-04 2.78566e-03
4.27935e-01 2.67216e-02 3.89849e-04 2.80901e-03
4.36486e-01 2.60619e-02 3.85379e-04 2.83263e-03
4.45036e-01 2.64183e-02 3.80240e-04 2.85651e-03
4.53587e-01 2.53279e-02 3.74110e-04 2.88066e-03
4.62136e-01 2.48104e-02 3.63768e-04 2.90505e-03
4.70685e-01 2.45920e-02 3.52113e-04 2.92969e-03
4.79234e-01 2.32924e-02 3.39683e-04 2.95457e-03
4.87782e-01 2.34295e-02 3.53949e-04 2.97969e-03
4.96330e-01 2.34352e-02 3.80925e-04 3.00503e-03
5.04877e-01 2.31291e-02 4.03447e-04 3.03059e-03
5.13424e-01 2.31070e-02 4.31184e-04 3.05637e-03
5.21970e-01 2.30139e-02 4.60936e-04 3.08235e-03
5.30515e-01 2.21112e-02 4.80256e-04 3.10854e-03
5.39060e-01 2.22659e-02 5.04556e-04 3.13494e-03
5.47605e-01 2.18355e-02 5.12784e-04 3.16152e-03
5.56148e-01 2.05712e-02 5.28657e-04 3.18830e-03
5.64692e-01 2.05282e-02 5.49220e-04 3.21525e-03
5.73234e-01 1.95488e-02 5.63660e-04 3.24239e-03
5.81776e-01 1.95320e-02 5.95383e-04 3.26971e-03
5.90318e-01 2.06288e-02 6.33863e-04 3.29719e-03
5.98859e-01 1.84118e-02 6.69688e-04 3.32484e-03
6.07399e-01 1.84100e-02 7.44715e-04 3.35266e-03
6.15939e-01 1.88236e-02 8.12193e-04 3.38063e-03
6.24478e-01 1.94604e-02 8.26718e-04 3.40875e-03
6.33016e-01 1.95438e-02 9.06728e-04 3.43703e-03
Temp 40.0
conc 10.0
detDist 1205
mw 20700
sample polymer1
7.70607e-02 4.18551e-01 2.31166e-03 2.16704e-03
8.56227e-02 2.84174e-01 1.67585e-03 2.17282e-03
9.41846e-02 2.13230e-01 1.41381e-03 2.17920e-03
1.02746e-01 1.70941e-01 1.24725e-03 2.18617e-03
1.11308e-01 1.47110e-01 1.12501e-03 2.19371e-03
1.19870e-01 1.29334e-01 1.06615e-03 2.20183e-03
1.28431e-01 1.18725e-01 9.86977e-04 2.21051e-03
1.36993e-01 1.10681e-01 9.17731e-04 2.21976e-03
1.45554e-01 1.04256e-01 8.74018e-04 2.22956e-03
1.54115e-01 1.00630e-01 8.58825e-04 2.23991e-03
1.62676e-01 9.90290e-02 8.10455e-04 2.25080e-03
1.71236e-01 9.39265e-02 7.66666e-04 2.26222e-03
1.79797e-01 9.17998e-02 7.48216e-04 2.27416e-03
1.88357e-01 8.70472e-02 7.29076e-04 2.28662e-03
1.96918e-01 8.48672e-02 7.02866e-04 2.29958e-03
2.05477e-01 8.32824e-02 6.74557e-04 2.31304e-03
2.14037e-01 8.19171e-02 6.46413e-04 2.32700e-03
2.22597e-01 7.82589e-02 6.18977e-04 2.34143e-03
2.31156e-01 7.58905e-02 6.03764e-04 2.35633e-03
2.39715e-01 7.61356e-02 6.38412e-04 2.37170e-03
2.48274e-01 7.46415e-02 6.66940e-04 2.38752e-03
2.56832e-01 7.21108e-02 6.27512e-04 2.40379e-03
2.65391e-01 7.05092e-02 5.81548e-04 2.42049e-03
2.73949e-01 6.83581e-02 5.53913e-04 2.43762e-03
2.82506e-01 6.56691e-02 5.37083e-04 2.45517e-03
2.91064e-01 6.51790e-02 5.30362e-04 2.47312e-03
2.99621e-01 6.42272e-02 5.16251e-04 2.49148e-03
3.08178e-01 6.22961e-02 5.12499e-04 2.51022e-03
3.16734e-01 6.09064e-02 4.95345e-04 2.52935e-03
3.25290e-01 6.00899e-02 4.85335e-04 2.54885e-03
3.33846e-01 5.94250e-02 4.76526e-04 2.56872e-03
3.42401e-01 5.71931e-02 4.67414e-04 2.58894e-03
3.50957e-01 5.46759e-02 4.56342e-04 2.60952e-03
3.59511e-01 5.38720e-02 4.50226e-04 2.63043e-03
3.68066e-01 5.34488e-02 4.41362e-04 2.65167e-03
3.76620e-01 5.21355e-02 4.29972e-04 2.67324e-03
3.85173e-01 5.04027e-02 4.24572e-04 2.69512e-03
3.93726e-01 4.90829e-02 4.16115e-04 2.71731e-03
4.02279e-01 4.84651e-02 4.09200e-04 2.73980e-03
4.10831e-01 4.67883e-02 4.06560e-04 2.76259e-03
4.19383e-01 4.58621e-02 4.16423e-04 2.78566e-03
4.27935e-01 4.50917e-02 4.22599e-04 2.80901e-03
4.36486e-01 4.33797e-02 4.16594e-04 2.83263e-03
4.45036e-01 4.22774e-02 4.07549e-04 2.85651e-03
4.53587e-01 4.09875e-02 4.01665e-04 2.88066e-03
4.62136e-01 4.07624e-02 3.91538e-04 2.90505e-03
4.70685e-01 3.98569e-02 3.77492e-04 2.92969e-03
4.79234e-01 3.88283e-02 3.65600e-04 2.95457e-03
4.87782e-01 3.80300e-02 3.79455e-04 2.97969e-03
4.96330e-01 3.80184e-02 4.07726e-04 3.00503e-03
5.04877e-01 3.63063e-02 4.28581e-04 3.03059e-03
5.13424e-01 3.47300e-02 4.55376e-04 3.05637e-03
5.21970e-01 3.44860e-02 4.86642e-04 3.08235e-03
5.30515e-01 3.38571e-02 5.06521e-04 3.10854e-03
5.39060e-01 3.37100e-02 5.31618e-04 3.13494e-03
5.47605e-01 3.21663e-02 5.38039e-04 3.16152e-03
5.56148e-01 3.27627e-02 5.61423e-04 3.18830e-03
5.64692e-01 3.19936e-02 5.81328e-04 3.21525e-03
5.73234e-01 2.88192e-02 5.89101e-04 3.24239e-03
5.81776e-01 2.89338e-02 6.23819e-04 3.26971e-03
5.90318e-01 2.92025e-02 6.60235e-04 3.29719e-03
5.98859e-01 2.94355e-02 7.11153e-04 3.32484e-03
6.07399e-01 2.84350e-02 7.80867e-04 3.35266e-03
6.15939e-01 2.82670e-02 8.47049e-04 3.38063e-03
6.24478e-01 2.89783e-02 8.62231e-04 3.40875e-03
6.33016e-01 2.74448e-02 9.43316e-04 3.43703e-03
Temp 45.0
conc 10.0
detDist 7705
mw 20700
sample polymer1
4.92464e-01 2.34894e-02 8.10791e-05 5.24456e-03
5.47108e-01 2.08750e-02 6.71920e-05 5.33941e-03
6.01729e-01 1.85435e-02 6.10230e-05 5.44227e-03
6.56325e-01 1.64970e-02 5.77342e-05 5.55267e-03
7.10892e-01 1.47142e-02 5.42223e-05 5.67015e-03
7.65430e-01 1.31612e-02 5.06894e-05 5.79427e-03
8.19935e-01 1.17650e-02 4.74962e-05 5.92459e-03
8.74405e-01 1.06081e-02 4.46306e-05 6.06068e-03
9.28838e-01 9.78351e-03 4.27340e-05 6.20215e-03
9.83232e-01 8.86506e-03 4.12847e-05 6.34862e-03
1.03758e+00 8.18998e-03 4.06711e-05 6.49972e-03
1.09189e+00 7.61457e-03 3.89626e-05 6.65511e-03
1.14615e+00 7.08504e-03 3.71365e-05 6.81447e-03
1.20037e+00 6.60493e-03 3.63167e-05 6.97752e-03
1.25453e+00 6.19223e-03 3.53543e-05 7.14396e-03
1.30864e+00 5.85858e-03 3.42609e-05 7.31355e-03
1.36270e+00 5.47698e-03 3.31866e-05 7.48604e-03
1.41670e+00 5.21183e-03 3.25419e-05 7.66121e-03
1.47064e+00 4.97192e-03 3.23141e-05 7.83885e-03
1.52452e+00 4.73486e-03 3.25391e-05 8.01877e-03
1.57833e+00 4.60984e-03 3.33797e-05 8.20079e-03
1.63208e+00 4.41318e-03 3.24263e-05 8.38475e-03
1.68577e+00 4.25540e-03 3.07759e-05 8.57049e-03
1.73938e+00 4.12225e-03 2.94413e-05 8.75788e-03
1.79292e+00 3.98572e-03 2.89819e-05 8.94677e-03
1.84639e+00 3.85980e-03 2.88000e-05 9.13705e-03
1.89978e+00 3.71518e-03 2.81225e-05 9.32861e-03
1.95309e+00 3.61391e-03 2.75875e-05 9.52133e-03
2.00632e+00 3.51520e-03 2.71935e-05 9.71512e-03
2.05948e+00 3.44490e-03 2.68274e-05 9.90988e-03
2.11254e+00 3.33141e-03 2.64320e-05 1.01055e-02
2.16553e+00 3.24477e-03 2.62803e-05 1.03020e-02
2.21842e+00 3.16495e-03 2.59582e-05 1.04992e-02
2.27122e+00 3.11472e-03 2.53743e-05 1.06971e-02
2.32394e+00 3.00412e-03 2.49956e-05 1.08955e-02
2.37656e+00 2.91387e-03 2.45963e-05 1.10945e-02
2.42908e+00 2.87789e-03 2.42633e-05 1.12940e-02
2.48151e+00 2.83564e-03 2.38536e-05 1.14939e-02
2.53384e+00 2.74740e-03 2.40810e-05 1.16942e-02
2.58607e+00 2.73479e-03 2.40008e-05 1.18948e-02
2.63819e+00 2.72208e-03 2.39008e-05 1.20957e-02
2.69021e+00 2.61437e-03 2.42408e-05 1.22968e-02
2.74213e+00 2.52262e-03 2.42694e-05 1.24981e-02
2.79394e+00 2.52289e-03 2.40721e-05 1.26996e-02
2.84564e+00 2.49921e-03 2.36420e-05 1.29012e-02
2.89722e+00 2.46426e-03 2.34220e-05 1.31029e-02
2.94870e+00 2.39517e-03 2.26885e-05 1.33046e-02
3.00006e+00 2.33794e-03 2.19730e-05 1.35064e-02
3.05131e+00 2.33174e-03 2.27332e-05 1.37082e-02
3.10244e+00 2.31094e-03 2.49678e-05 1.39099e-02
3.15345e+00 2.30667e-03 2.66257e-05 1.41116e-02
3.20434e+00 2.29220e-03 2.83295e-05 1.43132e-02
3.25511e+00 2.23528e-03 3.00044e-05 1.45146e-02
3.30575e+00 2.18597e-03 3.14044e-05 1.47160e-02
3.35627e+00 2.16325e-03 3.29063e-05 1.49172e-02
3.40667e+00 2.14843e-03 3.38423e-05 1.51182e-02
3.45693e+00 2.15816e-03 3.51330e-05 1.53190e-02
3.50707e+00 2.13287e-03 3.63370e-05 1.55196e-02
3.55708e+00 2.14307e-03 3.80055e-05 1.57199e-02
3.60696e+00 2.08381e-03 4.03539e-05 1.59201e-02
3.65670e+00 2.10873e-03 4.27355e-05 1.61199e-02
3.70631e+00 2.07361e-03 4.58086e-05 1.63195e-02
3.75579e+00 2.10853e-03 4.89359e-05 1.65187e-02
3.80513e+00 2.04073e-03 5.22161e-05 1.67177e-02
3.85433e+00 2.07204e-03 5.59323e-05 1.69163e-02
3.90339e+00 1.96038e-03 5.95704e-05 1.71146e-02
Temp 30.0
conc 10.0
detDist 7705
mw 20700
sample polymer1
4.92464e-01 4.51974e-02 9.72490e-05 5.24456e-03
5.47108e-01 3.81530e-02 7.79365e-05 5.33941e-03
6.01729e-01 3.22245e-02 6.88714e-05 5.44227e-03
6.56325e-01 2.72275e-02 6.35967e-05 5.55267e-03
7.10892e-01 2.32684e-02 5.86759e-05 5.67015e-03
7.65430e-01 2.01054e-02 5.41336e-05 5.79427e-03
8.19935e-01 1.72678e-02 5.00980e-05 5.92459e-03
8.74405e-01 1.50364e-02 4.66331e-05 6.06068e-03
9.28838e-01 1.34036e-02 4.43147e-05 6.20215e-03
9.83232e-01 1.19695e-02 4.26075e-05 6.34862e-03
1.03758e+00 1.08284e-02 4.17809e-05 6.49972e-03
1.09189e+00 9.79833e-03 3.98515e-05 6.65511e-03
1.14615e+00 8.94814e-03 3.78705e-05 6.81447e-03
1.20037e+00 8.25195e-03 3.69560e-05 6.97752e-03
1.25453e+00 7.60140e-03 3.58947e-05 7.14396e-03
1.30864e+00 7.06045e-03 3.47092e-05 7.31355e-03
1.36270e+00 6.53849e-03 3.35845e-05 7.48604e-03
1.41670e+00 6.11353e-03 3.28781e-05 7.66121e-03
1.47064e+00 5.75132e-03 3.26035e-05 7.83885e-03
1.52452e+00 5.40591e-03 3.27969e-05 8.01877e-03
1.57833e+00 5.21082e-03 3.36229e-05 8.20079e-03
1.63208e+00 4.95541e-03 3.26413e-05 8.38475e-03
1.68577e+00 4.74515e-03 3.09694e-05 8.57049e-03
1.73938e+00 4.53010e-03 2.95954e-05 8.75788e-03
1.79292e+00 4.37178e-03 2.91297e-05 8.94677e-03
1.84639e+00 4.19297e-03 2.89295e-05 9.13705e-03
1.89978e+00 4.02054e-03 2.82403e-05 9.32861e-03
1.95309e+00 3.86769e-03 2.76823e-05 9.52133e-03
2.00632e+00 3.75415e-03 2.72921e-05 9.71512e-03
2.05948e+00 3.61134e-03 2.69016e-05 9.90988e-03
2.11254e+00 3.48838e-03 2.65080e-05 1.01055e-02
2.16553e+00 3.41804e-03 2.63535e-05 1.03020e-02
2.21842e+00 3.32384e-03 2.60265e-05 1.04992e-02
2.27122e+00 3.22055e-03 2.54286e-05 1.06971e-02
2.32394e+00 3.12561e-03 2.50542e-05 1.08955e-02
2.37656e+00 3.03932e-03 2.46547e-05 1.10945e-02
2.42908e+00 2.98059e-03 2.43173e-05 1.12940e-02
2.48151e+00 2.90073e-03 2.38936e-05 1.14939e-02
2.53384e+00 2.84842e-03 2.41337e-05 1.16942e-02
2.58607e+00 2.75561e-03 2.40300e-05 1.18948e-02
2.63819e+00 2.68152e-03 2.39141e-05 1.20957e-02
2.69021e+00 2.60831e-03 2.42647e-05 1.22968e-02
2.74213e+00 2.54358e-03 2.43006e-05 1.24981e-02
2.79394e+00 2.54105e-03 2.41036e-05 1.26996e-02
2.84564e+00 2.48817e-03 2.36646e-05 1.29012e-02
2.89722e+00 2.43579e-03 2.34370e-05 1.31029e-02
2.94870e+00 2.39542e-03 2.27119e-05 1.33046e-02
3.00006e+00 2.31472e-03 2.19924e-05 1.35064e-02
3.05131e+00 2.31069e-03 2.27526e-05 1.37082e-02
3.10244e+00 2.28931e-03 2.49863e-05 1.39099e-02
3.15345e+00 2.24456e-03 2.66342e-05 1.41116e-02
3.20434e+00 2.22618e-03 2.83366e-05 1.43132e-02
3.25511e+00 2.15310e-03 2.99989e-05 1.45146e-02
3.30575e+00 2.13410e-03 3.14236e-05 1.47160e-02
3.35627e+00 2.09402e-03 3.29163e-05 1.49172e-02
3.40667e+00 2.09920e-03 3.38588e-05 1.51182e-02
3.45693e+00 2.12999e-03 3.51617e-05 1.53190e-02
3.50707e+00 2.07209e-03 3.63446e-05 1.55196e-02
3.55708e+00 2.10816e-03 3.80335e-05 1.57199e-02
3.60696e+00 2.02049e-03 4.03833e-05 1.59201e-02
3.65670e+00 2.00804e-03 4.27247e-05 1.61199e-02
3.70631e+00 1.96360e-03 4.58081e-05 1.63195e-02
3.75579e+00 1.95924e-03 4.89107e-05 1.65187e-02
3.80513e+00 1.98397e-03 5.22525e-05 1.67177e-02
3.85433e+00 2.04405e-03 5.59844e-05 1.69163e-02
3.90339e+00 1.91395e-03 5.96016e-05 1.71146e-02
