tr 0.0100 0.0500 0.1000 0.2000 0.4000 0.6000 0.8000 1.0000 1.2000 1.5000 2.0000 3.0000 5.0000 7.0000 10.000
0.3 -0.0008 -0.004 -0.0081 -0.0161 -0.0323 -0.0484 -0.0645 -0.0806 -0.0966 -0.1207 -0.1608 -0.2407 -0.3996 -0.5572 -0.7915
0.35 -0.0009 -0.0046 -0.0093 -0.0185 -0.037 -0.0554 -0.0738 -0.0921 -0.1105 -0.1379 -0.1834 -0.2738 -0.4523 -0.6279 -0.8863
0.4 -0.001 -0.0048 -0.0095 -0.019 -0.038 -0.057 -0.0758 -0.0946 -0.1134 -0.1414 -0.1879 -0.2799 -0.4603 -0.6365 -0.8936
0.45 -0.0009 -0.0047 -0.0094 -0.0187 -0.0374 -0.056 -0.0745 -0.0929 -0.1113 -0.1387 -0.184 -0.2734 -0.4475 -0.6162 -0.8608
0.5 -0.0009 -0.0045 -0.009 -0.0181 -0.036 -0.0539 -0.0716 -0.0893 -0.1069 -0.133 -0.1762 -0.2611 -0.4253 -0.5831 -0.8099
0.55 -0.0314 -0.0043 -0.0086 -0.0172 -0.0343 -0.0513 -0.0682 -0.0849 -0.1015 -0.1263 -0.1669 -0.2465 -0.3991 -0.5446 -0.7521
0.6 -0.0205 -0.0041 -0.0082 -0.0164 -0.0326 -0.0487 -0.0646 -0.0803 -0.096 -0.1192 -0.1572 -0.2312 -0.3718 -0.5047 -0.6928
0.65 -0.0137 -0.0772 -0.0078 -0.0156 -0.0309 -0.0461 -0.0611 -0.0759 -0.0906 -0.1122 -0.1476 -0.216 -0.3447 -0.4653 -0.6346
0.7 -0.0093 -0.0507 -0.1161 -0.0148 -0.0294 -0.0438 -0.0579 -0.0718 -0.0855 -0.1057 -0.1385 -0.2013 -0.3184 -0.427 -0.5785
0.75 -0.0064 -0.0339 -0.0744 -0.0143 -0.0282 -0.0417 -0.055 -0.0681 -0.0808 -0.0996 -0.1298 -0.1872 -0.2929 -0.3901 -0.525
0.8 -0.0044 -0.0228 -0.0487 -0.116 -0.0272 -0.0401 -0.0526 -0.0648 -0.0767 -0.094 -0.1217 -0.1736 -0.2682 -0.3545 -0.474
0.85 -0.0029 -0.0152 -0.0319 -0.0715 -0.0268 -0.0391 -0.0509 -0.0622 -0.0731 -0.0888 -0.1138 -0.1602 -0.2439 -0.3201 -0.4254
0.9 -0.0019 -0.0099 -0.0205 -0.0442 -0.1118 -0.0396 -0.0503 -0.0604 -0.0701 -0.084 -0.1059 -0.1463 -0.2195 -0.2862 -0.3788
0.93 -0.0015 -0.0075 -0.0154 -0.0326 -0.0763 -0.1662 -0.0514 -0.0602 -0.0687 -0.081 -0.1007 -0.1374 -0.2045 -0.2661 -0.3516
0.95 -0.0012 -0.0062 -0.0126 -0.0262 -0.0589 -0.111 -0.054 -0.0607 -0.0678 -0.0788 -0.0967 -0.131 -0.1943 -0.2526 -0.3339
0.97 -0.001 -0.005 -0.0101 -0.0208 -0.045 -0.077 -0.1647 -0.0623 -0.0669 -0.0759 -0.0921 -0.124 -0.1837 -0.2391 -0.3163
0.98 -0.0009 -0.0044 -0.009 -0.0184 -0.039 -0.0641 -0.11 -0.0641 -0.0661 -0.074 -0.0893 -0.1202 -0.1783 -0.2322 -0.3075
0.99 -0.0008 -0.0039 -0.0079 -0.0161 -0.0335 -0.0531 -0.0796 -0.068 -0.0646 -0.0715 -0.0861 -0.1162 -0.1728 -0.2254 -0.2989
1.0 -0.0007 -0.0034 -0.0069 -0.014 -0.0285 -0.0435 -0.0588 -0.0879 -0.0609 -0.0678 -0.0824 -0.1118 -0.1672 -0.2185 -0.2902
1.01 -0.0006 -0.003 -0.006 -0.012 -0.024 -0.0351 -0.0429 -0.0223 -0.0473 -0.0621 -0.0778 -0.1072 -0.1615 -0.2116 -0.2816
1.02 -0.0005 -0.0026 -0.0051 -0.0102 -0.0198 -0.0277 -0.0303 -0.0062 -0.0227 -0.0524 -0.0722 -0.1021 -0.1556 -0.2047 -0.2731
1.05 -0.0003 -0.0015 -0.0029 -0.0054 -0.0092 -0.0097 -0.0032 0.022 0.1059 0.0451 -0.0432 -0.0838 -0.137 -0.1835 -0.2476
1.1 0.0 0.0 0.0001 0.0007 0.0038 0.0106 0.0236 0.0476 0.0897 0.163 0.0698 -0.0373 -0.1021 -0.1469 -0.2056
1.15 0.0002 0.0011 0.0023 0.0052 0.0127 0.0237 0.0396 0.0625 0.0943 0.1548 0.1667 0.0332 -0.0611 -0.1084 -0.1642
1.2 0.0004 0.0019 0.0039 0.0084 0.019 0.0326 0.0499 0.0719 0.0991 0.1477 0.199 0.1095 -0.0141 -0.0678 -0.1231
1.3 0.0006 0.003 0.0061 0.0125 0.0267 0.0429 0.0612 0.0819 0.1048 0.142 0.1991 0.2079 0.0875 0.0176 -0.0423
1.4 0.0007 0.0036 0.0072 0.0147 0.0306 0.0477 0.0661 0.0857 0.1063 0.1383 0.1894 0.2397 0.1737 0.1008 0.035
1.5 0.0008 0.0039 0.0078 0.0158 0.0323 0.0497 0.0677 0.0864 0.1055 0.1345 0.1806 0.2433 0.2309 0.1717 0.1058
1.6 0.0008 0.004 0.008 0.0162 0.033 0.0501 0.0677 0.0855 0.1035 0.1303 0.1729 0.2381 0.2631 0.2255 0.1673
1.7 0.0008 0.004 0.0081 0.0163 0.0329 0.0497 0.0667 0.0838 0.1008 0.1259 0.1658 0.2305 0.2788 0.2628 0.2179
1.8 0.0008 0.004 0.0081 0.0162 0.0325 0.0488 0.0652 0.0814 0.0978 0.1216 0.1593 0.2224 0.2846 0.2871 0.2576
1.9 0.0008 0.004 0.0079 0.0159 0.0318 0.0477 0.0635 0.0792 0.0947 0.1173 0.1532 0.2144 0.2848 0.3017 0.2876
2.0 0.0008 0.0039 0.0078 0.0155 0.031 0.0464 0.0617 0.0767 0.0916 0.1133 0.1476 0.2069 0.2819 0.3097 0.3096
2.2 0.0007 0.0037 0.0074 0.0147 0.0293 0.0437 0.0579 0.0719 0.0857 0.1057 0.1374 0.1932 0.272 0.3135 0.3355
2.4 0.0007 0.0035 0.007 0.0139 0.0276 0.0411 0.0544 0.0675 0.0803 0.0989 0.1285 0.1812 0.2602 0.3089 0.3459
2.6 0.0007 0.0033 0.0066 0.0131 0.026 0.0387 0.0512 0.0634 0.0754 0.0929 0.1207 0.1706 0.2484 0.3009 0.3475
2.8 0.0006 0.0031 0.0062 0.0124 0.0245 0.0365 0.0483 0.0598 0.0711 0.0876 0.1138 0.1613 0.2372 0.2915 0.3443
3.0 0.0006 0.0029 0.0059 0.0117 0.0232 0.0345 0.0456 0.0565 0.0672 0.0828 0.1076 0.1529 0.2268 0.2817 0.3385
3.5 0.0005 0.0026 0.0052 0.0103 0.0204 0.0303 0.0401 0.0497 0.0591 0.0728 0.0949 0.1356 0.2042 0.2584 0.3194
4.0 0.0005 0.0023 0.0046 0.0091 0.0182 0.027 0.0357 0.0443 0.0527 0.0651 0.0849 0.1219 0.1857 0.2378 0.2994
