tr 0.0100 0.0500 0.1000 0.2000 0.4000 0.6000 0.8000 1.0000 1.2000 1.5000 2.0000 3.0000 5.0000 7.0000 10.000
0.3 0.0002 0.0 0.0 0.0 0.0 0.0 0.0 0.0 0.0 0.0 0.0 0.0 0.0 0.0 0.0
0.35 0.0034 0.0007 0.0003 0.0002 0.0001 0.0001 0.0001 0.0 0.0 0.0 0.0 0.0 0.0 0.0 0.0
0.4 0.0272 0.0055 0.0028 0.0014 0.0007 0.0005 0.0004 0.0003 0.0003 0.0003 0.0002 0.0002 0.0002 0.0002 0.0003
0.45 0.1321 0.0266 0.0135 0.0069 0.0036 0.0025 0.002 0.0016 0.0014 0.0012 0.001 0.0008 0.0008 0.0009 0.0012
0.5 0.4529 0.0912 0.0461 0.0235 0.0122 0.0085 0.0067 0.0055 0.0048 0.0041 0.0034 0.0028 0.0025 0.0027 0.0034
0.55 0.9817 0.2432 0.1227 0.0625 0.0325 0.0225 0.0176 0.0146 0.0127 0.0107 0.0089 0.0072 0.0063 0.0066 0.008
0.6 0.984 0.5383 0.2716 0.1384 0.0718 0.0497 0.0386 0.0321 0.0277 0.0234 0.0193 0.0154 0.0132 0.0135 0.016
0.65 0.9886 0.9419 0.5212 0.2655 0.1374 0.0948 0.0738 0.0611 0.0527 0.0445 0.0364 0.0289 0.0244 0.0245 0.0282
0.7 0.9908 0.9528 0.9057 0.456 0.236 0.1626 0.1262 0.1045 0.0902 0.0759 0.0619 0.0488 0.0406 0.0402 0.0453
0.75 0.9931 0.9616 0.9226 0.7178 0.3715 0.2559 0.1982 0.1641 0.1413 0.1188 0.0966 0.0757 0.0625 0.061 0.0673
0.8 0.9931 0.9683 0.9354 0.873 0.5445 0.375 0.2904 0.2404 0.2065 0.1738 0.1409 0.1102 0.0899 0.0867 0.0942
0.85 0.9954 0.9727 0.9462 0.8933 0.7534 0.5188 0.4018 0.3319 0.2858 0.2399 0.1945 0.1517 0.1227 0.1175 0.1256
0.9 0.9954 0.9772 0.955 0.9099 0.8204 0.6823 0.5297 0.4375 0.3767 0.3162 0.2564 0.1995 0.1607 0.1524 0.1611
0.93 0.9954 0.9795 0.9594 0.9183 0.8375 0.7551 0.6109 0.5058 0.4355 0.3656 0.2972 0.2307 0.1854 0.1754 0.1841
0.95 0.9954 0.9817 0.9616 0.9226 0.8472 0.7709 0.6668 0.5521 0.4764 0.3999 0.3251 0.2523 0.2028 0.191 0.2
0.97 0.9954 0.9817 0.9638 0.9268 0.857 0.7852 0.7112 0.5984 0.5164 0.4345 0.3532 0.2748 0.2203 0.2075 0.2163
0.98 0.9954 0.9817 0.9638 0.929 0.861 0.7925 0.7211 0.6223 0.537 0.4529 0.3681 0.2864 0.2296 0.2158 0.2244
0.99 0.9977 0.984 0.9661 0.9311 0.865 0.798 0.7295 0.6442 0.5572 0.4699 0.3828 0.2978 0.2388 0.2244 0.2328
1.0 0.9977 0.984 0.9661 0.9333 0.869 0.8035 0.7379 0.6668 0.5781 0.4875 0.3972 0.3097 0.2483 0.2328 0.2415
1.01 0.9977 0.984 0.9683 0.9354 0.873 0.811 0.7464 0.6792 0.597 0.5047 0.4121 0.3214 0.2576 0.2415 0.25
1.02 0.9977 0.984 0.9683 0.9376 0.877 0.8166 0.7551 0.6902 0.6166 0.5224 0.4266 0.3334 0.2673 0.2506 0.2582
1.05 0.9977 0.9863 0.9705 0.9441 0.8872 0.8318 0.7762 0.7194 0.6607 0.5728 0.471 0.369 0.2958 0.2773 0.2844
1.1 0.9977 0.9886 0.975 0.9506 0.9016 0.8531 0.8072 0.7586 0.7112 0.6412 0.5408 0.4285 0.3451 0.3228 0.3296
1.15 0.9977 0.9886 0.9795 0.9572 0.9141 0.873 0.8318 0.7907 0.7499 0.6918 0.6026 0.4875 0.3954 0.369 0.375
1.2 0.9977 0.9908 0.9817 0.9616 0.9247 0.8892 0.8531 0.8166 0.7834 0.7328 0.6546 0.542 0.4446 0.415 0.4198
1.3 0.9977 0.9931 0.9863 0.9705 0.9419 0.9141 0.8872 0.859 0.8318 0.7943 0.7345 0.6383 0.5383 0.5058 0.5093
1.4 0.9977 0.9931 0.9886 0.9772 0.955 0.9333 0.912 0.8892 0.869 0.8395 0.7925 0.7145 0.6237 0.5902 0.5943
1.5 1.0 0.9954 0.9908 0.9817 0.9638 0.9462 0.929 0.9141 0.8974 0.873 0.8375 0.7745 0.6966 0.6668 0.6714
1.6 1.0 0.9954 0.9931 0.9863 0.9727 0.9572 0.9441 0.9311 0.9183 0.8995 0.871 0.8222 0.7586 0.7328 0.743
1.7 1.0 0.9977 0.9954 0.9886 0.9772 0.9661 0.955 0.9462 0.9354 0.9204 0.8995 0.861 0.8091 0.7907 0.8054
1.8 1.0 0.9977 0.9954 0.9908 0.9817 0.9727 0.9661 0.9572 0.9484 0.9376 0.9204 0.8913 0.8531 0.8414 0.859
1.9 1.0 0.9977 0.9954 0.9931 0.9863 0.9795 0.9727 0.9661 0.9594 0.9506 0.9376 0.9162 0.8872 0.8831 0.9057
2.0 1.0 0.9977 0.9977 0.9954 0.9886 0.984 0.9795 0.9727 0.9683 0.9616 0.9528 0.9354 0.9183 0.9183 0.9462
2.2 1.0 1.0 0.9977 0.9977 0.9931 0.9908 0.9886 0.984 0.9817 0.9795 0.9727 0.9661 0.9616 0.9727 1.0093
2.4 1.0 1.0 1.0 0.9977 0.9977 0.9954 0.9931 0.9931 0.9908 0.9908 0.9886 0.9863 0.9931 1.0116 1.0568
2.6 1.0 1.0 1.0 1.0 1.0 0.9977 0.9977 0.9977 0.9977 0.9977 0.9977 1.0023 1.0162 1.0399 1.0889
2.8 1.0 1.0 1.0 1.0 1.0 1.0 1.0023 1.0023 1.0023 1.0046 1.0069 1.0116 1.0328 1.0593 1.1117
3.0 1.0 1.0 1.0 1.0 1.0023 1.0023 1.0046 1.0046 1.0069 1.0069 1.0116 1.0209 1.0423 1.074 1.1298
3.5 1.0 1.0 1.0 1.0023 1.0023 1.0046 1.0069 1.0093 1.0116 1.0139 1.0186 1.0304 1.0593 1.0914 1.1508
4.0 1.0 1.0 1.0 1.0023 1.0046 1.0069 1.0093 1.0116 1.0139 1.0162 1.0233 1.0375 1.0666 1.099 1.1588
