tr 0.0100 0.0500 0.1000 0.2000 0.4000 0.6000 0.8000 1.0000 1.2000 1.5000 2.0000 3.0000 5.0000 7.0000 10.000
0.3 -16.782 -16.774 -16.764 -16.744 -16.705 -16.665 -16.626 -16.586 -16.547 -16.488 -16.39 -16.195 -15.837 -15.468 -14.925
0.35 -15.413 -15.408 -15.401 -15.387 -15.359 -15.333 -15.305 -15.278 -15.251 -15.211 -15.144 -15.011 -14.751 -14.496 -14.153
0.4 -13.99 -13.986 -13.981 -13.972 -13.953 -13.934 -13.915 -13.896 -13.877 -13.849 -13.803 -13.714 -13.541 -13.376 -13.144
0.45 -12.564 -12.561 -12.558 -12.551 -12.537 -12.523 -12.509 -12.496 -12.482 -12.462 -12.43 -12.367 -12.248 -12.145 -11.999
0.5 -11.202 -11.2 -11.197 -11.092 -11.082 -11.172 -11.162 -11.153 -11.143 -11.129 -11.107 -11.063 -10.985 -10.92 -10.836
0.55 -0.115 -9.948 -9.946 -9.942 -9.935 -9.928 -9.921 -9.914 -9.907 -9.897 -9.882 -9.853 -9.806 -9.769 -9.732
0.6 -0.078 -8.828 -8.826 -8.823 -8.817 -8.811 -8.806 -8.799 -8.794 -8.787 -8.777 -8.76 -8.736 -8.723 -8.72
0.65 -0.055 -0.309 -7.832 -7.829 -7.824 -7.819 -7.815 -7.51 -7.807 -7.801 -7.794 -7.784 -7.779 -7.785 -7.811
0.7 -0.04 -0.216 -0.491 -6.951 -6.945 -6.941 -6.937 -6.933 -6.93 -6.926 -6.922 -6.919 -6.929 -6.952 -7.002
0.75 -0.029 -0.156 -0.34 -6.173 -6.167 -6.162 -6.158 -6.155 -6.152 -6.149 -6.147 -6.149 -6.174 -6.213 -6.285
0.8 -0.022 -0.116 -0.246 -0.578 -5.475 -5.468 -5.462 -5.458 -5.455 -5.453 -5.452 -5.461 -5.501 -5.555 -5.648
0.85 -0.017 -0.088 -0.183 -0.4 -4.853 -4.841 -4.832 -4.826 -4.822 -4.82 -4.822 -4.839 -4.898 -4.969 -5.082
0.9 -0.013 -0.068 -0.14 -0.301 -0.744 -4.269 -4.249 -4.238 -4.232 -4.23 -4.236 -4.267 -4.351 -4.442 -4.578
0.93 -0.011 -0.058 -0.12 -0.254 -0.593 -1.219 -3.914 -3.894 -3.885 -3.884 -3.896 -3.941 -4.046 -4.151 -4.3
0.95 -0.01 -0.053 -0.109 -0.228 -0.517 -0.961 -3.697 -3.658 -3.647 -3.648 -3.669 -3.728 -3.851 -3.966 -4.125
0.97 -0.01 -0.048 -0.099 -0.206 -0.456 -0.797 -1.57 -3.406 -3.391 -3.401 -3.437 -3.517 -3.661 -3.788 -3.957
0.98 -0.009 -0.046 -0.094 -0.196 -0.429 -0.734 -1.27 -3.264 -3.247 -3.268 -3.318 -3.412 -3.569 -3.701 -3.875
0.99 -0.009 -0.044 -0.09 -0.186 -0.405 -0.68 -1.098 -3.093 -3.082 -3.126 -3.195 -3.306 -3.477 -3.616 -3.796
1.0 -0.008 -0.042 -0.086 -0.177 -0.382 -0.632 -0.977 -2.399 -2.868 -2.967 -3.067 -3.2 -3.387 -3.532 -3.717
1.01 -0.008 -0.04 -0.082 -0.169 -0.361 -0.59 -0.883 -1.306 -2.513 -2.784 -2.933 -3.094 -3.297 -3.45 -3.64
1.02 -0.008 -0.039 -0.078 -0.161 -0.342 -0.552 -0.807 -1.113 -1.655 -2.557 -2.79 -2.986 -3.209 -3.369 -3.565
1.05 -0.007 -0.034 -0.069 -0.14 -0.292 -0.46 -0.642 -0.82 -0.831 -1.443 -2.283 -2.655 -2.949 -3.134 -3.348
1.1 -0.005 -0.028 -0.055 -0.112 -0.229 -0.35 -0.47 -0.577 -0.64 -0.618 -1.241 -2.067 -2.534 -2.767 -3.013
1.15 -0.005 -0.023 -0.045 -0.091 -0.183 -0.275 -0.361 -0.437 -0.489 -0.502 -0.654 -1.471 -2.138 -2.428 -2.708
1.2 -0.004 -0.019 -0.037 -0.075 -0.149 -0.22 -0.286 -0.343 -0.385 -0.412 -0.447 -0.991 -1.767 -2.115 -2.43
1.3 -0.003 -0.013 -0.026 -0.052 -0.102 -0.148 -0.19 -0.226 -0.254 -0.282 -0.3 -0.481 -1.147 -1.569 -1.944
1.4 -0.002 -0.01 -0.019 -0.037 -0.072 -0.104 -0.133 -0.158 -0.178 -0.2 -0.22 -0.29 -0.73 -1.138 -1.544
1.5 -0.001 -0.007 -0.014 -0.027 -0.053 -0.076 -0.097 -0.115 -0.13 -0.147 -0.166 -0.206 -0.479 -0.823 -1.222
1.6 -0.001 -0.005 -0.011 -0.021 -0.04 -0.057 -0.073 -0.086 -0.098 -0.112 -0.129 -0.159 -0.334 -0.604 -0.969
1.7 -0.001 -0.004 -0.008 -0.016 -0.031 -0.044 -0.056 -0.067 -0.076 -0.087 -0.102 -0.127 -0.248 -0.456 -0.775
1.8 -0.001 -0.003 -0.006 -0.013 -0.024 -0.035 -0.044 -0.053 -0.06 -0.07 -0.083 -0.105 -0.195 -0.355 -0.628
1.9 -0.001 -0.003 -0.005 -0.01 -0.019 -0.028 -0.036 -0.043 -0.049 -0.057 -0.069 -0.089 -0.16 -0.286 -0.518
2.0 -0.0 -0.002 -0.004 -0.008 -0.016 -0.023 -0.029 -0.035 -0.04 -0.048 -0.058 -0.077 -0.136 -0.238 -0.434
2.2 -0.0 -0.001 -0.003 -0.006 -0.011 -0.016 -0.021 -0.025 -0.029 -0.035 -0.043 -0.06 -0.105 -0.178 -0.322
2.4 -0.0 -0.001 -0.002 -0.004 -0.008 -0.012 -0.015 -0.019 -0.022 -0.027 -0.034 -0.048 -0.086 -0.143 -0.254
2.6 -0.0 -0.001 -0.002 -0.003 -0.006 -0.009 -0.012 -0.015 -0.018 -0.021 -0.028 -0.041 -0.074 -0.12 -0.21
2.8 -0.0 -0.001 -0.001 -0.003 -0.005 -0.008 -0.01 -0.012 -0.014 -0.018 -0.023 -0.025 -0.065 -0.104 -0.18
3.0 -0.0 -0.001 -0.001 -0.002 -0.004 -0.006 -0.008 -0.01 -0.012 -0.015 -0.02 -0.031 -0.058 -0.093 -0.158
3.5 -0.0 -0.0 -0.001 -0.001 -0.003 -0.004 -0.006 -0.007 -0.009 -0.011 -0.015 -0.024 -0.046 -0.073 -0.122
4.0 -0.0 -0.0 -0.001 -0.001 -0.002 -0.003 -0.005 -0.006 -0.007 -0.009 -0.012 -0.02 -0.038 -0.06 -0.1
