P/kPa sat._liq sat._vap. 75 100 125 150 175 200 225 250 300 350 400 450 500 550 600 650 220 240 260 280 325 375 550 275 400 425 475 525 575 290 320 340 360 380 625
1_V 1.0 129200.0 160640. 172180. 183720. 195270.0 206810.0 218350.0 229890.0 241430.0 264500.0 287580.0 310660.0 333730.0 356810.0 379880.0 402960.0 426040.0
1_U 29.334 2385.2 2480.8 2516.4 2552.3 2588.5 2624.9 2661.7 2698.8 2736.3 2812.3 2889.9 2969.1 3049.9 3132.4 3216.7 3302.6 3390.3
1_H 29.335 2514.4 2641.5 2688.6 2736.0 2783.7 2831.7 2880.1 2928.7 2977.7 3076.8 3177.5 3279.7 3383.6 3489.2 3596.5 3705.6 3816.4
1_S 0.106 8.9767 9.3828 9.5136 9.6365 9.7527 9.8629 9.9679 10.0681 10.1641 10.345 10.5133 10.6711 10.82 10.9612 11.0957 11.2243 11.3476
10_V 1.01 14670.0 16030. 17190. 18350. 19510.0 20660.0 21820.0 22980.0 24130.0 26440.0 28750.0 31060.0 33370.0 35670.0 37980.0 40290.0 42600.0
10_U 191.822 2438.0 2479.7 2515.6 2551.6 2588.0 2624.5 2661.4 2698.6 2736.1 2812.2 2889.8 2969.0 3049.8 3132.3 3216.6 3302.6 3390.3
10_H 191.832 2584.8 2640.0 2687.5 2735.2 2783.1 2831.2 2879.6 2928.4 2977.4 3076.6 3177.3 3279.6 3383.5 3489.1 3596.5 3705.5 3816.3
10_S 0.6493 8.1511 8.3168 8.4486 8.5722 8.6888 8.7994 8.9045 9.0049 9.101 9.282 9.4504 9.6083 9.7572 9.8984 10.0329 10.1616 10.2849
20_V 1.017 7649.8 8000.0 8584.7 9167.1 9748.0 10320.0 10900.0 11480.0 12060.0 13210.0 14370.0 15520.0 16680.0 17830.0 18990.0 20140.0 21300.0
20_U 251.432 2456.9 2478.4 2514.6 2550.9 2587.4 2624.1 2661.0 2698.3 2735.8 2812.0 2889.6 2968.9 3049.7 3132.3 3216.5 3302.5 3390.2
20_H 251.453 2609.9 2638.4 2686.3 2734.2 2782.3 2830.6 2879.2 2928.0 2977.1 3076.4 3177.1 3279.4 3383.4 3489.0 3596.4 3705.4 3816.2
20_S 0.8321 7.9094 7.9933 8.1261 8.2504 8.3676 8.4785 8.5839 8.6844 8.7806 8.9618 9.1303 9.2882 9.4372 9.5784 9.713 9.8416 9.965
30_V 1.022 5229.3 5322.0 5714.4 6104.6 6493.2 6880.8 7267.5 7653.8 8039.7 8810.8 9581.2 10350.0 11120.0 11890.0 12660.0 13430.0 14190.0
30_U 289.271 2468.6 2477.1 2513.6 2550.2 2586.8 2623.6 2660.7 2698.0 2735.6 2811.8 2889.5 2968.7 3049.6 3132.2 3216.5 3302.5 3390.2
30_H 289.302 2625.4 2636.8 2685.1 2733.3 2781.6 2830.0 2878.7 2927.6 2976.8 3076.1 3176.9 3279.3 3383.3 3488.9 3596.3 3705.4 3816.2
30_S 0.9441 7.7695 7.8024 7.9363 8.0614 8.1791 8.2903 8.396 8.4967 8.593 8.7744 8.943 9.101 9.2499 9.3912 9.5257 9.6544 9.7778
40_V 1.027 3993.4 ...... 4279.2 4573.3 4865.8 5157.2 5447.8 5738.0 6027.7 6606.5 7184.6 7762.5 8340.1 8917.6 9494.9 10070.0 10640.0
40_U 317.609 2477.1 ...... 2512.6 2549.4 2586.2 2623.2 2660.3 2697.7 2735.4 2811.6 2889.4 2968.6 3049.5 3132.1 3216.4 3302.4 3390.1
40_H 317.65 2636.9 ...... 2683.8 2732.3 2780.9 2829.5 2878.2 2927.2 2976.5 3075.9 3176.8 3279.1 3383.1 3488.8 3596.2 3705.3 3816.1
40_S 1.0261 7.6709 ...... 7.8009 7.9268 8.045 8.1566 8.2624 8.3633 8.4598 8.6413 8.81 8.968 9.117 9.2583 9.3929 9.5216 9.645
50_V 1.03 3240.2 ...... 3418.1 3654.5 3889.3 4123.0 4356.0 4588.5 4820.5 5283.9 5746.7 6209.1 6671.4 7133.5 7595.5 8057.4 8519.2
50_U 340.513 2484.0 ...... 2511.7 2548.6 2585.6 2622.7 2659.9 2697.4 2735.1 2811.5 2889.2 2968.5 3049.4 3132.0 3216.3 3302.3 3390.1
50_H 340.564 2646.0 ...... 2682.6 2731.4 2780.1 2828.9 2877.7 2926.8 2976.1 3075.7 3176.6 3279.0 3383.0 3488.7 3596.1 3705.2 3816.0
50_S 1.0912 7.5947 ...... 7.6953 7.8219 7.9406 8.0526 8.1587 8.2598 8.3564 8.538 8.7068 8.8649 9.0139 9.1552 9.2898 9.4185 9.5419
75_V 1.037 2216.9 ...... 2269.8 2429.4 2587.3 2744.2 2900.2 3055.8 3210.9 3520.5 3829.4 4138.0 4446.4 4754.7 5062.8 5370.9 5678.9
75_U 384.374 2496.7 ...... 2509.2 2546.7 2584.2 2621.6 2659.0 2696.7 2734.5 2811.0 2888.9 2968.2 3049.2 3131.8 3216.1 3302.2 3389.9
75_H 384.451 2663.0 ...... 2679.4 2728.9 2778.2 2827.4 2876.6 2925.8 2975.3 3075.1 3176.1 3278.6 3382.7 3488.4 3595.8 3705.0 3815.9
75_S 1.2131 7.457 ...... 7.5014 7.6300 7.75 7.8629 7.9697 8.0712 8.1681 8.3502 8.5191 8.6773 8.8265 8.9678 9.1025 9.2312 9.3546
100_V 1.043 1693.7 ...... 1695.5 1816.7 1936.3 2054.7 2172.3 2289.4 2406.1 2638.7 2870.8 3102.5 3334.0 3565.3 3796.5 4027.7 4258.8
100_U 417.406 2506.1 ...... 2506.6 2544.8 2582.7 2620.4 2658.1 2695.9 2733.9 2810.6 2888.6 2968.0 3049.0 3131.6 3216.0 3302.0 3389.8
100_H 417.511 2675.4 ...... 2676.2 2726.5 2776.3 2825.9 2875.4 2924.9 2974.5 3074.5 3175.6 3278.2 3382.4 3488.1 3595.6 3704.8 3815.7
100_S 1.3027 7.3598 ...... 7.3618 7.4923 7.6137 7.7275 7.8349 7.9369 8.0342 8.2166 8.3858 8.5442 8.6934 8.8348 8.9695 9.0982 9.2217
101.325_V 1.044 1673.0 ...... 1673.0 1792.7 1910.7 2027.7 2143.8 2259.3 2374.5 2604.2 2833.2 3061.9 3290.3 3518.7 3746.9 3975.0 4203.1
325_U 418.959 2506.5 ...... 2506.5 2544.7 2582.6 2620.4 2658.1 2695.9 2733.9 2810.6 2888.5 2968.0 3048.9 3131.6 3215.9 3302.0 3389.8
325_H 419.064 2676.0 ...... 2676.0 2726.4 2776.2 2825.8 2875.3 2924.8 2974.5 3074.4 3175.6 3278.2 3382.3 3488.1 3595.6 3704.8 3815.7
325_S 1.3069 7.3554 ...... 7.3554 7.4860 7.6075 7.7213 7.8288 7.9308 8.028 8.2105 8.3797 8.5381 8.6873 8.8287 8.9634 9.0922 9.2156
125_V 1.049 1374.6 ...... ...... 1449.1 1545.6 1641.0 1735.6 1829.6 1923.2 2109.7 2295.6 2481.2 2666.5 2851.7 3036.8 3221.8 3406.7
125_U 444.224 2513.4 ...... ...... 2542.9 2581.2 2619.3 2657.2 2695.2 2733.3 2810.2 2888.2 2967.7 3048.7 3131.4 3215.8 3301.9 3389.7
125_H 444.356 2685.2 ...... ...... 2724.0 2774.4 2824.4 2874.2 2923.9 2973.7 3073.9 3175.2 3277.8 3382.0 3487.9 3595.4 3704.6 3815.5
125_S 1.374 7.2847 ...... ...... 7.3844 7.5072 7.6219 7.73 7.8324 7.93 8.1129 8.2823 8.4408 8.5901 8.7316 8.8663 8.9951 9.1186
150_V 1.053 1159.0 ...... ...... 1204.0 1285.2 1365.2 1444.4 1523.0 1601.3 1757.0 1912.2 2066.9 2221.5 2375.9 2530.2 2684.5 2838.6
150_U 466.968 2519.5 ...... ...... 2540.9 2579.7 2618.1 2656.3 2694.4 2732.7 2809.7 2887.9 2967.4 3048.5 3131.2 3215.6 3301.7 3389.5
150_H 467.126 2693.4 ...... ...... 2721.5 2772.5 2822.9 2872.9 2922.9 2972.9 3073.3 3174.7 3277.5 3381.7 3487.6 3595.1 3704.4 3815.3
150_S 1.4336 7.2234 ...... ...... 7.2953 7.4194 7.5352 7.6439 7.7468 7.8447 8.028 8.1976 8.3562 8.5056 8.6472 8.7819 8.9108 9.0343
175_V 1.057 1003.34 ...... ...... 1028.8 1099.1 1168.2 1236.4 1304.1 1371.3 1505.1 1638.3 1771.1 1903.7 2036.1 2168.4 2300.7 2432.9
175_U 486.815 2524.7 ...... ...... 2538.9 2578.2 2616.9 2655.3 2693.7 2732.1 2809.3 2887.5 2967.1 3048.3 3131.0 3215.4 3301.6 3389.4
175_H 487.0 2700.3 ...... ...... 2719.0 2770.5 2821.3 2871.7 2921.9 2972.0 3072.7 3174.2 3277.1 3381.4 3487.3 3594.9 3704.2 3815.1
175_S 1.4849 7.1716 ...... ...... 7.2191 7.3447 7.4614 7.5708 7.6741 7.7724 7.9561 8.1259 8.2847 8.4341 8.5758 8.7106 8.8394 8.963
200_V 1.061 885.44 ...... ...... 897.47 959.54 1020.4 1080.4 1139.8 1198.9 1316.2 1432.8 1549.2 1665.3 1781.2 1897.1 2012.9 2128.6
200_U 504.489 2529.2 ...... ...... 2536.9 2576.6 2615.7 2654.4 2692.9 2731.4 2808.8 2887.2 2966.9 3048.0 3130.8 3215.3 3301.4 3389.2
200_H 504.701 2706.3 ...... ...... 2716.4 2768.5 2819.8 2870.5 2920.9 2971.2 3072.1 3173.8 3276.7 3381.1 3487.0 3594.7 3704.0 3815.0
200_S 1.5301 7.1268 ...... ...... 7.1523 7.2794 7.3971 7.5072 7.611 7.7096 7.8937 8.0638 8.2226 8.3722 8.5139 8.6487 8.7776 8.9012
225_V 1.064 792.97 ...... ...... 795.25 850.97 905.44 959.06 1012.1 1064.7 1169.2 1273.1 1376.6 1479.9 1583.0 1686.0 1789.0 1891.9
225_U 520.465 2533.2 ...... ...... 2534.8 2575.1 2614.5 2653.5 2692.2 2730.8 2808.4 2886.9 2966.6 3047.8 3130.6 3215.1 3301.2 3389.1
225_H 520.705 2711.6 ...... ...... 2713.8 2766.5 2818.2 2869.3 2919.9 2970.4 3071.5 3173.3 3276.3 3380.8 3486.8 3594.4 3703.8 3814.8
225_S 1.5705 7.0873 ...... ...... 7.0928 7.2213 7.34 7.4508 7.5551 7.654 7.8385 8.0088 8.1679 8.3175 8.4593 8.5942 8.7231 8.8467
250_V 1.068 718.44 ...... ...... ...... 764.09 813.47 861.98 909.91 957.41 1051.6 1145.2 1238.5 1331.5 1424.4 1517.2 1609.9 1702.5
250_U 535.077 2536.8 ...... ...... ...... 2573.5 2613.3 2652.5 2691.4 2730.2 2808.0 2886.5 2966.3 3047.6 3130.4 3214.9 3301.1 3389.0
250_H 535.343 2716.4 ...... ...... ...... 2764.5 2816.7 2868.0 2918.9 2969.6 3070.9 3172.8 3275.9 3380.4 3486.5 3594.2 3703.6 3814.6
250_S 1.6071 7.052 ...... ...... ...... 7.1689 7.2886 7.4001 7.505 7.6042 7.7891 7.9597 8.1188 8.2686 8.4104 8.5453 8.6743 8.798
275_V 1.071 657.04 ...... ...... ...... 693.0 738.21 782.55 826.29 869.61 955.45 1040.7 1125.5 1210.2 1294.7 1379.0 1463.3 1547.6
275_U 548.564 2540.0 ...... ...... ...... 2571.9 2612.1 2651.6 2690.7 2729.6 2807.5 2886.2 2966.0 3047.3 3130.2 3214.7 3300.9 3388.8
275_H 548.858 2720.7 ...... ...... ...... 2762.5 2815.1 2866.8 2917.9 2968.7 3070.3 3172.4 3275.5 3380.1 3486.2 3594.0 3703.4 3814.4
275_S 1.6407 7.0201 ...... ...... ...... 7.1211 7.2419 7.3541 7.4594 7.559 7.7444 7.9151 8.0744 8.2243 8.3661 8.5011 8.6301 8.7538
300_V 1.073 605.56 ...... ...... ...... 633.74 675.49 716.35 756.6 796.44 875.29 953.52 1031.4 1109.0 1186.5 1263.9 1341.2 1418.5
300_U 561.107 2543.0 ...... ...... ...... 2570.3 2610.8 2650.6 2689.9 2729.0 2807.1 2885.8 2965.8 3047.1 3130.0 3214.5 3300.8 3388.7
300_H 561.429 2724.7 ...... ...... ...... 2760.4 2813.5 2865.5 2916.9 2967.9 3069.7 3171.9 3275.2 3379.8 3486.0 3593.7 3703.2 3814.2
300_S 1.6716 6.9909 ...... ...... ...... 7.0771 7.199 7.3119 7.4177 7.5176 7.7034 7.8744 8.0338 8.1838 8.3257 8.4608 8.5898 8.7135
325_V 1.076 561.75    583.58 622.41 660.33   807.47 879.78 951.73 1023.5 1095.0 1166.5 1237.9 1309.2 690.22 719.81 749.18 778.39 843.68
325_U 572.847 2545.7    2568.7 2609.6 2649.6   2806.6 2885.5 2965.5 3046.9 3129.8 3214.4 3300.6 3388.6 2681.2 2712.7 2744.0 2775.3 2845.9
325_H 573.197 2728.3    2758.4 2811.9 2864.2   3069.0 3171.4 3274.8 3379.5 3485.7 3593.5 3702.9 3814.1 2905.6 2946.6 2987.5 3028.2 3120.1
325_S 1.7004 6.964    7.0363 7.1592 7.2729   7.6657 7.8369 7.9965 8.1465 8.2885 8.4236 8.5527 8.6764 7.3585 7.44 7.5181 7.5933 7.753
350_V 1.079 524.0    540.58 576.9 612.31   749.33 816.57 883.45 950.11 1016.6 1083.0 1149.3 1215.6 640.18 667.75 695.09 722.27 783.01
350_U 583.892 2548.2    2567.1 2608.3 2648.6   2806.2 2885.1 2965.2 3046.6 3129.6 3214.2 3300.5 3388.4 2680.4 2712.0 2743.4 2774.8 2845.6
350_H 584.27 2731.6    2756.3 2810.3 2863.0   3068.4 3170.9 3274.4 3379.2 3485.4 3593.3 3702.7 3813.9 2904.5 2945.7 2986.7 3027.6 3119.6
350_S 1.7273 6.9392    6.9982 7.1222 7.2366   7.6307 7.8022 7.9619 8.112 8.254 8.3892 8.5183 8.6421 7.3226 7.4045 7.4828 7.5581 7.7181
375_V 1.081 491.13    503.29 537.46 570.69   698.94 761.79 824.28 886.54 948.66 1010.7 1072.6 1134.5 596.81 622.62 648.22 673.64 730.42
375_U 594.332 2550.6    2565.4 2607.1 2647.7   2805.7 2884.8 2964.9 3046.4 3129.4 3214.0 3300.3 3388.3 2679.6 2711.3 2742.8 2774.3 2845.2
375_H 594.737 2734.7    2754.1 2808.6 2861.7   3067.8 3170.5 3274.0 3378.8 3485.1 3593.0 3702.5 3813.7 2903.4 2944.8 2985.9 3026.9 3119.1
375_S 1.7526 6.916    6.9624 7.0875 7.2027   7.5981 7.7698 7.9296 8.0798 8.2219 8.3571 8.4863 8.6101 7.2891 7.3713 7.4499 7.5254 7.6856
400_V 1.084 462.22    470.66 502.93 534.26   654.85 713.85 772.5 830.92 889.19 947.35 1005.4 1063.4 558.85 583.14 607.2 631.09 684.41
400_U 604.237 2552.7    2563.7 2605.8 2646.7   2805.3 2884.5 2964.6 3046.2 3129.2 3213.8 3300.2 3388.2 2678.8 2710.6 2742.2 2773.7 2844.8
400_H 604.67 2737.6    2752.0 2807.0 2860.4   3067.2 3170.0 3273.6 3378.5 3484.9 3592.8 3702.3 3813.5 2902.3 2943.9 2985.1 3026.2 3118.5
400_S 1.7764 6.8943    6.9285 7.0548 7.1708   7.5675 7.7395 7.8994 8.0497 8.1919 8.3271 8.4563 8.5802 7.2576 7.3402 7.419 7.4947 7.6552
425_V 1.086 436.61    441.85 472.47 502.12   615.95 671.56 726.81 781.84 836.72 891.49 946.17 1000.8 525.36 548.3 571.01 593.54 643.81
425_U 613.667 2554.8    2562.0 2604.5 2645.7   2804.8 2884.1 2964.4 3045.9 3129.0 3213.7 3300.0 3388.0 2678.0 2709.9 2741.6 2773.2 2844.4
425_H 614.128 2740.3    2749.8 2805.3 2859.1   3066.6 3169.5 3273.3 3378.2 3484.6 3592.5 3702.1 3813.4 2901.2 2942.9 2984.3 3025.5 3118.0
425_S 1.799 6.8739    6.8965 7.0239 7.1407   7.5388 7.7109 7.871 8.0214 8.1636 8.2989 8.4282 8.552 7.228 7.3108 7.3899 7.4657 7.6265
450_V 1.088 413.75    416.24 445.38 473.55   581.37 633.97 686.2 738.21 790.07 841.83 893.5 945.1 495.59 517.33 538.83 560.17 607.73
450_U 622.672 2556.7    2560.3 2603.2 2644.7   2804.4 2883.8 2964.1 3045.7 3128.8 3213.5 3299.8 3387.9 2677.1 2709.2 2741.0 2772.7 2844.0
450_H 623.162 2742.9    2747.7 2803.7 2857.8   3066.0 3169.1 3272.9 3377.9 3484.3 3592.3 3701.9 3813.2 2900.2 2942.0 2983.5 3024.8 3117.5
450_S 1.8204 6.8547    6.8660 6.9946 7.1121   7.5116 7.684 7.8442 7.9947 8.137 8.2723 8.4016 8.5255 7.1999 7.2831 7.3624 7.4384 7.5995
475_V 1.091 393.22    393.31 421.14 447.97   550.43 600.33 649.87 699.18 748.34 797.4 846.37 895.27 468.95 489.62 510.05 530.3 575.44
475_U 631.294 2558.5    2558.6 2601.9 2643.7   2803.9 2883.4 2963.8 3045.4 3128.6 3213.3 3299.7 3387.7 2676.3 2708.5 2740.4 2772.2 2843.6
475_H 631.812 2745.3    2745.5 2802.0 2856.5   3065.4 3168.6 3272.5 3377.6 3484.0 3592.1 3701.7 3813.0 2899.1 2941.1 2982.7 3024.1 3116.9
475_S 1.8408 6.8365    6.8369 6.9667 7.085   7.4858 7.6585 7.8189 7.9694 8.1118 8.2472 8.3765 8.5004 7.1732 7.2567 7.3363 7.4125 7.5739
500_V 1.093 374.68    ...... 399.31 424.96   522.58 570.05 617.16 664.05 710.78 757.41 803.95 850.42 444.97 464.67 484.14 503.43 546.38
500_U 639.569 2560.2    ...... 2600.6 2642.7   2803.5 2883.1 2963.5 3045.2 3128.4 3213.1 3299.5 3387.6 2675.5 2707.8 2739.8 2771.7 2843.2
500_H 640.116 2747.5    ...... 2800.3 2855.1   3064.8 3168.1 3272.1 3377.2 3483.8 3591.8 3701.5 3812.8 2898.0 2940.1 2981.9 3023.4 3116.4
500_S 1.8604 6.8192    ...... 6.94 7.0592   7.4614 7.6343 7.7948 7.9454 8.0879 8.2233 8.3526 8.4766 7.1478 7.2317 7.3115 7.3879 7.5496
525_V 1.095 357.84    ...... 379.56 404.13   497.38 542.66 587.58 632.26 676.8 721.23 765.57 809.85 423.28 442.11 460.7 479.11 520.08
525_U 647.528 2561.8    ...... 2599.3 2641.6   2803.0 2882.7 2963.2 3045.0 3128.2 3213.0 3299.4 3387.5 2674.6 2707.1 2739.2 2771.2 2842.8
525_H 648.103 2749.7    ...... 2798.6 2853.8   3064.1 3167.6 3271.7 3376.9 3483.5 3591.6 3701.3 3812.6 2896.8 2939.2 2981.1 3022.7 3115.9
525_S 1.879 6.8027    ...... 6.9145 7.0345   7.4381 7.6112 7.7719 7.9226 8.0651 8.2006 8.3299 8.4539 7.1236 7.2078 7.2879 7.3645 7.5264
550_V 1.097 342.48    ...... 361.6 385.19   474.48 517.76 560.68 603.37 645.91 688.34 730.68 772.96 403.55 421.59 439.38 457.0 496.18
550_U 655.199 2563.3    ...... 2598.0 2640.6   2802.6 2882.4 2963.0 3044.7 3128.0 3212.8 3299.2 3387.3 2673.8 2706.4 2738.6 2770.6 2842.4
550_H 655.802 27517.0    ...... 2796.8 2852.5   3063.5 3167.2 3271.3 3376.6 3483.2 3591.4 3701.1 3812.5 2895.7 2938.3 2980.3 3022.0 3115.3
550_S 1.897 6.787    ...... 6.89 7.0108   7.4158 7.5892 7.75 7.9008 8.0433 8.1789 8.3083 8.4323 7.1004 7.1849 7.2653 7.3421 7.5043
575_V 1.099 328.41    ...... 345.2 367.9   453.56 495.03 536.12 576.98 617.7 658.3 698.83 739.28 385.54 402.85 419.92 436.81 474.36
575_U 662.603 2564.8    ...... 2596.6 2639.6   2802.1 2882.1 2962.7 3044.5 3127.8 3212.6 3299.1 3387.2 2672.9 2705.7 2738.0 2770.1 2842.0
575_H 663.235 2753.6    ...... 2795.1 2851.1   3062.9 3166.7 3271.0 3376.3 3482.9 3591.1 3700.9 3812.3 2894.6 2937.3 2979.5 3021.3 3114.8
575_S 1.9142 6.772    ...... 6.8664 6.988   7.3945 7.5681 7.729 7.8799 8.0226 8.1581 8.2876 8.4116 7.0781 7.163 7.2436 7.3206 7.4831
600_V 1.101 315.47    ...... 330.16 352.04   434.39 474.19 513.61 552.8 591.84 630.78 669.63 708.41 369.03 385.68 402.08 418.31 454.35
600_U 669.762 2566.2    ...... 2595.3 2638.5   2801.6 2881.7 2962.4 3044.3 3127.6 3212.4 3298.9 3387.1 2672.1 2705.0 2737.4 2769.6 2841.6
600_H 670.423 2755.5    ...... 2793.3 2849.7   3062.3 3166.2 3270.6 3376.0 3482.7 3590.9 3700.7 3812.1 2893.5 2936.4 2978.7 3020.6 3114.3
600_S 1.9308 6.7575    ...... 6.8437 6.9662   7.374 7.5479 7.709 7.86 8.0027 8.1383 8.2678 8.3919 7.0567 7.1419 7.2228 7.3 7.4628
625_V 1.103 303.54    ...... 316.31 337.45   416.75 455.01 492.89 530.55 568.05 605.45 642.76 680.01 353.83 369.87 385.67 401.28 435.94
625_U 676.695 2567.5    ...... 2593.9 2637.5   2801.2 2881.4 2962.1 3044.0 3127.4 3212.2 3298.8 3386.9 2671.2 2704.2 2736.8 2769.1 2841.2
625_H 677.384 2757.2    ...... 2791.6 2848.4   3061.7 3165.7 3270.2 3375.6 3482.4 3590.7 3700.5 3811.9 2892.3 2935.4 2977.8 3019.9 3113.7
625_S 1.9469 6.7437    ...... 6.8217 6.9451   7.3544 7.5285 7.6897 7.8408 7.9836 8.1192 8.2488 8.3729 7.0361 7.1217 7.2028 7.2802 7.4433
650_V 1.105 292.49    ...... 303.53 323.98   400.47 437.31 473.78 510.01 546.1 582.07 617.96 653.79 339.8 355.29 370.52 385.56 418.95
650_U 683.417 2568.7    ...... 2592.5 2636.4   2800.7 2881.0 2961.8 3043.8 3127.2 3212.1 3298.6 3386.8 2670.3 2703.5 2736.2 2768.5 2840.9
650_H 684.135 2758.9    ...... 2789.8 2847.0   3061.0 3165.3 3269.8 3375.3 3482.1 3590.4 3700.3 3811.8 2891.2 2934.4 2977.0 3019.2 3113.2
650_S 1.9623 6.7304    ...... 6.8004 6.9247   7.3355 7.5099 7.6712 7.8224 7.9652 8.1009 8.2305 8.3546 7.0162 7.1021 7.1835 7.2611 7.4245
675_V 1.106 282.23    ...... 291.69 311.51   385.39 420.92 456.07 491.0 525.77 560.43 595.0 629.51 326.81 341.78 356.49 371.01 403.22
675_U 689.943 2570.0    ...... 2591.1 2635.4   2800.3 2880.7 2961.6 3043.6 3127.0 3211.9 3298.5 3386.7 2669.5 2702.8 2735.6 2768.0 2840.5
675_H 690.689 2760.5    ...... 2788.0 2845.6   3060.4 3164.8 3269.4 3375.0 3481.8 3590.2 3700.1 3811.6 2890.1 2933.5 2976.2 3018.5 3112.6
675_S 1.9773 6.7176    ...... 6.7798 6.905   7.3173 7.4919 7.6534 7.8046 7.9475 8.0833 8.2129 8.3371 6.997 7.0833 7.165 7.2428 7.4064
700_V 1.108 272.68    ...... 280.69 299.92   371.39 405.71 439.64 473.34 506.89 540.33 573.68 606.97 314.75 329.23 343.46 357.5 388.61
700_U 696.285 2571.1    ...... 2589.7 2634.3   2799.8 2880.3 2961.3 3043.3 3126.8 3211.7 3298.3 3386.5 2668.6 2702.1 2735.0 2767.5 2840.1
700_H 697.061 2762.0    ...... 2786.2 2844.2   3059.8 3164.3 3269.0 3374.7 3481.6 3589.9 3699.9 3811.4 2888.9 2932.5 2975.4 3017.7 3112.1
700_S 1.9918 6.7052    ...... 6.7598 6.8859   7.2997 7.4745 7.6362 7.7875 7.9305 8.0663 8.1959 8.3201 6.9784 7.0651 7.147 7.225 7.389
725_V 1.11 263.77    ...... 270.45 289.13   358.36 391.54 424.33 456.9 489.31 521.61 553.83 585.99 303.51 317.55 331.33 344.92 375.01
725_U 702.457 2572.2    ...... 2588.3 2633.2   2799.3 2880.0 2961.0 3043.1 3126.6 3211.5 3298.1 3386.4 2667.7 2701.3 2734.3 2767.0 2839.7
725_H 703.261 2763.4    ...... 2784.4 2842.8   3059.1 3163.8 3268.7 3374.3 3481.3 3589.7 3699.7 3811.2 2887.7 2931.5 2974.6 3017.0 3111.5
725_S 2.0059 6.6932    ...... 6.7404 6.8673   7.2827 7.4578 7.6196 7.771 7.914 8.0499 8.1796 8.3038 6.9604 7.0474 7.1296 7.2078 7.3721
750_V 1.112 255.43     260.88 279.05   346.19 378.31 410.05 441.55 472.9  535.3 566.4 293.03 306.65 320.01 333.17 362.32 394.22 504.15
750_U 708.467 2573.3     2586.9 2632.1   2798.9 2879.6 2960.7 3042.9 3126.3  3298.0 3386.2 2666.8 2700.6 2733.7 2766.4 2839.3 2920.1 3211.4
750_H 709.301 2764.8     2782.5 2841.4   3058.5 3163.4 3268.3 3374.0 3481.0  3699.5 3811.0 2886.6 2930.6 2973.7 3016.3 3111.0 3215.7 3589.5
750_S 2.0195 6.6817     6.7215 6.8494   7.2662 7.4416 7.6035 7.755 7.8981  8.1637 8.288 6.9429 7.0303 7.1128 7.1912 7.3558 7.524 8.034
775_V 1.113 247.61     251.93 269.63   334.81 365.94 396.69 427.2 457.56  517.97 548.07 283.22 296.45 309.41 322.19 350.44 381.35 487.81
775_U 714.326 2574.3     2585.4 2631.0   2798.4 2879.3 2960.4 3042.6 3126.1  3297.8 3386.1 2665.9 2699.8 2733.1 2765.9 2838.9 2919.8 3211.2
775_H 715.189 2766.2     2780.7 2840.0   3057.9 3162.9 3267.9 3373.7 3480.8  3699.3 3810.9 2885.4 2929.6 2972.9 3015.6 3110.5 3215.3 3589.2
775_S 2.0328 6.6705     6.7031 6.8319   7.2502 7.4259 7.588 7.7396 7.8827  8.1484 8.2727 6.9259 7.0137 7.0965 7.1751 7.34 7.5084 8.0187
800_V 1.115 240.26     243.53 260.79   324.14 354.34 384.16 413.74 443.17  501.72 530.89 274.02 286.88 299.48 311.89 339.31 369.29 472.49
800_U 720.043 2575.3     2584.0 2629.9   2797.9 2878.9 2960.2 3042.4 3125.9  3297.7 3386.0 2665.0 2699.1 2732.5 2765.4 2838.5 2919.5 3211.0
800_H 720.935 2767.5     2778.8 2838.6   3057.3 3162.4 3267.5 3373.4 3480.5  3699.1 3810.7 2884.2 2928.6 2972.1 3014.9 3109.9 3214.9 3589.0
800_S 2.0457 6.6596     6.6851 6.8148   7.2348 7.4107 7.5729 7.7246 7.8678  8.1336 8.2579 6.9094 6.9976 7.0807 7.1595 7.3247 7.4932 8.0038
825_V 1.117 233.34     235.64 252.48   314.12 343.45 372.39 401.1 429.65  486.46 514.76 265.37 277.9 290.15 302.21 328.85 357.96 458.1
825_U 725.625 2576.2     2582.5 2628.8   2797.5 2878.6 2959.9 3042.2 3125.7  3297.5 3385.8 2664.1 2698.4 2731.8 2764.8 2838.1 2919.1 3210.8
825_H 726.547 2768.7     2776.9 2837.1   3056.6 3161.9 3267.1 3373.1 3480.2  3698.8 3810.5 2883.1 2927.6 2971.2 3014.1 3109.4 3214.5 3588.8
825_S 2.0583 6.6491     6.6675 6.7982   7.2197 7.3959 7.5583 7.7101 7.8533  8.1192 8.2436 6.8933 6.9819 7.0653 7.1443 7.3098 7.4786 7.9894
850_V 1.118 226.81     228.21 244.66   304.68 333.2 361.31 389.2 416.93  472.09 499.57 257.24 269.44 281.37 293.1 319.0 347.29 444.56
850_U 731.08 2577.1     2581.1 2627.7   2797.0 2878.2 2959.6 3041.9 3125.5  3297.4 3385.7 2663.2 2697.6 2731.2 2764.3 2837.7 2918.8 3210.7
850_H 732.031 2769.9     2775.1 2835.7   3056.0 3161.4 3266.7 3372.7 3479.9  3698.6 3810.3 2881.9 2926.6 2970.4 3013.4 3108.8 3214.0 3588.5
850_S 2.0705 6.6388     6.6504 6.782   7.2051 7.3815 7.5441 7.696 7.8393  8.1053 8.2296 6.8777 6.9666 7.0503 7.1295 7.2954 7.4643 7.9754
875_V 1.12 220.65     221.20 237.29   295.79 323.53 350.87 377.98 404.94  458.55 485.25 249.56 261.46 273.09 284.51 309.72 337.24 431.79
875_U 736.415 2578.0     2579.6 2626.6   2796.5 2877.9 2959.3 3041.7 3125.3  3297.2 3385.6 2662.3 2696.8 2730.6 2763.7 2837.3 2918.5 3210.5
875_H 737.394 2771.0     2773.1 2834.2   3055.3 3161.0 3266.3 3372.4 3479.7  3698.4 3810.2 2880.7 2925.6 2969.5 3012.7 3108.3 3213.6 3588.3
875_S 2.0825 6.6289     6.6336 6.7662   7.1909 7.3676 7.5303 7.6823 7.8257  8.0917 8.2161 6.8624 6.9518 7.0357 7.1152 7.2813 7.4504 7.9618
900_V 1.121 214.81     ...... 230.32   287.39 314.4 341.01 367.39 393.61  445.76 471.72 242.31 253.93 265.27 276.4 300.96 327.74 419.73
900_U 741.635 2578.8     ...... 2625.5   2796.1 2877.5 2959.0 3041.4 3125.1  3297.1 3385.4 2661.4 2696.1 2729.9 2763.2 2836.9 2918.2 3210.3
900_H 742.644 2772.1     ...... 2832.7   3054.7 3160.5 3266.0 3372.1 3479.4  3698.2 3810.0 2879.5 2924.6 2968.7 3012.0 3107.7 3213.2 3588.1
900_S 2.0941 6.6192     ...... 6.7508   7.1771 7.354 7.5169 7.6689 7.8124  8.0785 8.203 6.8475 6.9373 7.0215 7.1012 7.2676 7.437 7.9486
925_V 1.123 209.28     ...... 223.73   279.44 305.76 331.68 357.36 382.9  433.66 458.93 235.46 246.8 257.87 268.73 292.66 318.75 408.32
925_U 746.746 2579.6     ...... 2624.3   2795.6 2877.2 2958.8 3041.2 3124.9  3296.9 3385.3 2660.5 2695.3 2729.3 2762.6 2836.5 2917.9 3210.1
925_H 747.784 2773.2     ...... 2831.3   3054.1 3160.0 3265.6 3371.8 3479.1  3698.0 3809.8 2878.3 2923.6 2967.8 3011.2 3107.2 3212.7 3587.8
925_S 2.1055 6.6097     ...... 6.7357   7.1636 7.3408 7.5038 7.656 7.7995  8.0657 8.1902 6.8329 6.9231 7.0076 7.0875 7.2543 7.4238 7.9357
950_V 1.124 204.03     ...... 217.48   271.91 297.57 322.84 347.87 372.74  422.19 446.81 228.96 240.05 250.86 261.46 284.81 310.24 397.51
950_U 751.754 2580.4     ...... 2623.2   2795.1 2876.8 2958.5 3041.0 3124.7  3296.7 3385.1 2659.5 2694.6 2728.7 2762.1 2836.0 2917.6 3209.9
950_H 752.822 2774.2     ...... 2829.8   3053.4 3159.5 3265.2 3371.5 3478.8  3697.8 3809.6 2877.0 2922.6 2967.0 3010.5 3106.6 3212.3 3587.6
950_S 2.1166 6.6005     ...... 6.7209   7.1505 7.3279 7.4911 7.6433 7.7869  8.0532 8.1777 6.8187 6.9093 6.9941 7.0742 7.2413 7.411 7.9232
975_V 1.126 199.04     ...... 211.55   264.76 289.81 314.45 338.86 363.11  411.32 435.31 222.79 233.64 244.2 254.56 277.35 302.17 387.26
975_U 756.663 2581.1     ...... 2622.0   2794.6 2876.5 2958.2 3040.7 3124.5  3296.6 3385.0 2658.6 2693.8 2728.0 2761.5 2835.6 2917.3 3209.8
975_H 757.761 2775.2     ...... 2828.3   3052.8 3159.0 3264.8 3371.1 3478.6  3697.6 3809.4 2875.8 2921.6 2966.1 3009.7 3106.1 3211.9 3587.3
975_S 2.1275 6.5916     ...... 6.7064   7.1377 7.3154 7.4787 7.631 7.7747  8.041 8.1656 6.8048 6.8958 6.9809 7.0612 7.2286 7.3986 7.911
1000_V 1.127 194.29     ...... 205.92   257.98 282.43 306.49 330.3 353.96  400.98 424.38 216.93 227.55 237.89 248.01 270.27 294.5 377.52
1000_U 761.478 25819.0     ...... 2620.9   2794.2 2876.1 2957.9 3040.5 3124.3  3296.4 3384.9 2657.7 2693.0 2727.4 2761.0 2835.2 2917.0 3209.6
1000_H 762.605 2776.2     ...... 2826.8   3052.1 3158.5 3264.4 3370.8 3478.3  3697.4 3809.3 2874.6 2920.6 2965.2 3009.0 3105.5 3211.5 3587.1
1000_S 2.1382 6.5828     ...... 6.6922   7.1251 7.3031 7.4665 7.619 7.7627  8.0292 8.1537 6.7911 6.8825 6.968 7.0485 7.2163 7.3864 7.8991
1050_V 1.13 185.45     ...... 195.45   245.37 268.74 291.69 314.41 336.97  381.79 404.1 206.04 216.24 226.15 235.84 257.12 280.25 359.43
1050_U 770.843 2583.3     ...... 2618.5   2793.2 2875.4 2957.4 3040.0 3123.9  3296.1 3384.6 2655.8 2691.5 2726.1 2759.9 2834.4 2916.3 3209.2
1050_H 772.029 2778.0     ...... 2823.8   3050.8 3157.6 3263.6 3370.2 3477.7  3697.0 3808.9 2872.1 2918.5 2963.5 3007.5 3104.4 3210.6 3586.6
1050_S 2.1588 6.5659     ...... 6.6645   7.1009 7.2795 7.4432 7.5958 7.7397  8.0063 8.1309 6.7647 6.8569 6.943 7.024 7.1924 7.3629 7.8762
1100_V 1.133 177.38     ...... 185.92   233.91 256.28 278.24 299.96 321.53  364.35 385.65 196.14 205.96 215.47 224.77 245.16 267.3 342.98
1100_U 779.878 2584.5     ...... 2616.2   2792.2 2874.7 2956.8 3039.6 3123.5  3295.8 3384.3 2653.9 2689.9 2724.7 2758.8 2833.6 2915.7 3208.9
1100_H 781.124 2779.7     ...... 2820.7   3049.6 3156.6 3262.9 3369.5 3477.2  3696.6 3808.5 2869.6 2916.4 2961.8 3006.0 3103.3 3209.7 3586.2
1100_S 2.1786 6.5497     ...... 6.6379   7.0778 7.2569 7.4209 7.5737 7.7177  7.9845 8.1092 6.7392 6.8323 6.919 7.0005 7.1695 7.3405 7.8543
1150_V 1.136 169.99     ...... 177.22   223.44 244.91 265.96 286.77 307.42  348.42 368.81 187.1 196.56 205.73 214.67 234.25 255.47 327.97
1150_U 788.611 2585.8     ...... 2613.8   2791.3 2874.0 2956.2 3039.1 3123.1  3295.5 3384.1 2651.9 2688.3 2723.4 2757.7 2832.8 2915.1 3208.5
1150_H 789.917 2781.3     ...... 2817.6   3048.2 3155.6 3262.1 3368.9 3476.6  3696.2 3808.2 2867.1 2914.4 2960.0 3004.5 3102.2 3208.9 3585.7
1150_S 2.1977 6.5342     ...... 6.6122   7.0556 7.2352 7.3995 7.5525 7.6966  7.9636 8.0883 6.7147 6.8086 6.8959 6.9779 7.1476 7.319 7.8333
1200_V 1.139 163.2     ...... 169.23   213.85 234.49 254.7 274.68 294.5  333.82 353.38 178.8 187.95 196.79 205.4 224.24 244.63 314.2
1200_U 797.064 2586.9     ...... 2611.3   2790.3 2873.3 2955.7 3038.6 3122.7  3295.2 3383.8 2650.0 2686.7 2722.1 2756.5 2832.0 2914.4 3208.2
1200_H 798.43 2782.7     ...... 2814.4   3046.9 3154.6 3261.3 3368.2 3476.1  3695.8 3807.8 2864.5 2912.2 2958.2 3003.0 3101.0 3208.0 3585.2
1200_S 2.2161 6.5194     ...... 6.5872   7.0342 7.2144 7.379 7.5323 7.6765  7.9436 8.0684 6.6909 6.7858 6.8738 6.9562 7.1266 7.2983 7.8132
1250_V 1.141 156.93     ...... 161.88   205.02 224.9 244.35 263.55 282.6  320.39 339.18 171.17 180.02 188.56 196.88 215.03 234.66 301.54
1250_U 805.259 2588.0     ...... 2608.9   2789.3 2872.5 2955.1 3038.1 3122.3  3294.9 3383.5 2648.0 2685.1 2720.8 2755.4 2831.1 2913.8 3207.8
1250_H 806.685 2784.1     ...... 2811.2   3045.6 3153.7 3260.5 3367.6 3475.5  3695.4 3807.5 2861.9 2910.1 2956.5 3001.5 3099.9 3207.1 3584.7
1250_S 2.2338 6.505     ...... 6.563   7.0136 7.1944 7.3593 7.5128 7.6571  7.9244 8.0493 6.668 6.7637 6.8523 6.9353 7.1064 7.2785 7.794
1300_V 1.144 151.13     ...... 155.09   196.87 216.05 234.79 253.28 271.62  307.99 326.07 164.11 172.7 180.97 189.01 206.53 225.46 289.85
1300_U 813.213 2589.0     ...... 2606.4   2788.4 2871.8 2954.5 3037.7 3121.9  3294.6 3383.2 2646.0 2683.5 2719.4 2754.3 2830.3 2913.2 3207.5
1300_H 814.7 2785.4     ...... 2808.0   3044.3 3152.7 3259.7 3366.9 3475.0  3695.0 3807.1 2859.3 2908.0 2954.7 3000.0 3098.8 3206.3 3584.3
1300_S 2.251 6.4913     ...... 6.5394   6.9938 7.1751 7.3404 7.494 7.6385  7.906 8.0309 6.6457 6.7424 6.8316 6.9151 7.0869 7.2594 7.7754
1350_V 1.146 145.74      148.79 159.7 169.96 189.33 207.85           198.66 216.93  179.79
1350_U 820.944 2589.9      2603.9 2653.6 2700.1 2787.4 2871.1  3037.2 3121.5 3207.1 3294.3 3383.0     2829.5 2912.5  2744.4 2953.9 2995.5 3079.2
1350_H 822.491 2786.6      2804.7 2869.2 2929.5 3043.0 3151.7  3366.3 3474.4 3583.8 3694.5 3806.8     3097.7 3205.4  2987.1 3259.0 3312.6 3420.2
1350_S 2.2676 6.478      6.5165 6.6493 6.7675 6.9746 7.1566  7.4759 7.6205 7.7576 7.8882 8.0132     7.0681 7.241  6.875 7.3221 7.4003 7.5493
1400_V 1.149 140.72      142.94 153.57 163.55 182.32 200.24  234.95 252.02 268.98 285.85 302.66     191.35 209.02  173.08 217.72 226.35 243.5
1400_U 828.465 2590.8      2601.3 2651.7 2698.6 2786.4 2870.4  3036.7 3121.1 3206.8 3293.9 3382.7     2828.6 2911.9  2743.2 2953.4 2994.9 3078.7
1400_H 830.074 2787.8      2801.4 2866.7 2927.6 3041.6 3150.7  3365.6 3473.9 3583.3 3694.1 3806.4     3096.5 3204.5  2985.5 3258.2 3311.8 3419.6
1400_S 2.2837 6.4651      6.4941 6.6285 6.7477 6.9561 7.1386  7.4585 7.6032 7.7404 7.871 7.9961     7.0499 7.2233  6.856 7.3045 7.3828 7.5319
1450_V 1.151 136.04      137.48 147.86 157.57 175.79 193.15  226.72 243.23 259.62 275.93 292.16     184.54 201.65  166.83 210.06 218.42 234.99
1450_U 835.791 2591.6      2598.7 2649.7 2697.1 2785.4 2869.7  3036.2 3120.7 3206.4 3293.6 3382.4     2827.8 2911.3  2742.0 2952.8 2994.4 3078.3
1450_H 837.46 2788.9      2798.1 2864.1 2925.5 3040.3 3149.7  3365.0 3473.3 3582.9 3693.7 3806.1     3095.4 3203.6  2983.9 3257.4 3311.1 3419.0
1450_S 2.2993 6.4526      6.4722 6.6082 6.7286 6.9381 7.1212  7.4416 7.5865 7.7237 7.8545 7.9796     7.0322 7.2061  6.8376 7.2874 7.3658 7.5151
1500_V 1.154 131.66      132.38 142.53 151.99 169.7 186.53  219.05 235.03 250.89 266.66 282.37     178.19 194.77  161.0 202.92 211.01 227.06
1500_U 842.933 2592.4      2596.1 2647.7 2695.5 2784.4 2868.9  3035.8 3120.3 3206.0 3293.3 3382.1     2826.9 2910.6  2740.8 2952.2 2993.9 3077.9
1500_H 844.663 2789.9      2794.7 2861.5 2923.5 3038.9 3148.7  3364.3 3472.8 3582.4 3693.3 3805.7     3094.2 3202.8  2982.3 3256.6 3310.4 3418.4
1500_S 2.3145 6.4406      6.4508 6.5885 6.7099 6.9207 7.1044  7.4253 7.5703 7.7077 7.8385 7.9636     7.0152 7.1894  6.8196 7.2709 7.3494 7.4989
1550_V 1.156 127.55      127.61 137.54 146.77 164.0 180.34  211.87 227.35 242.72 258.0 273.21     172.25 188.33  155.54 196.24 204.08 219.63
1550_U 849.901 2593.2      2593.5 2645.8 2694.0 2783.4 2868.2  3035.3 3119.8 3205.7 3293.0 3381.9     2826.1 2910.0  2739.5 2951.7 2993.4 3077.4
1550_H 851.694 2790.8      2791.3 2858.9 2921.5 3037.6 3147.7  3363.7 3472.2 3581.9 3692.9 3805.3     3093.1 3201.9  2980.6 3255.8 3309.7 3417.8
1550_S 2.3292 6.4289      6.4298 6.5692 6.6917 6.9038 7.0881  7.4095 7.5547 7.6921 7.823 7.9482     6.9986 7.1733  6.8022 7.255 7.3336 7.4832
1600_V 1.159 123.69      ...... 132.85 141.87 158.66 174.54  205.15 220.16 235.06 249.87 264.62     166.68 182.3  150.42 189.97 197.58 212.67
1600_U 856.707 2593.8      ...... 2643.7 2692.4 2782.4 2867.5  3034.8 3119.4 3205.3 3292.7 3381.6     2825.2 2909.3  2738.3 2951.1 2992.9 3077.0
1600_H 858.561 2791.7      ...... 2856.3 2919.4 3036.2 3146.7  3363.0 3471.7 3581.4 3692.5 3805.0     3091.9 3201.0  2979.0 3255.0 3309.0 3417.2
1600_S 2.3436 6.4175      ...... 6.5503 6.674 6.8873 7.0723  7.3942 7.5395 7.677 7.808 7.9333     6.9825 7.1577  6.7852 7.2394 7.3182 7.4679
1650_V 1.161 120.05      ...... 128.45 137.27 153.64 169.09  198.82 213.4 227.86 242.24 256.55     161.44 176.63  145.61 184.09 191.48 206.13
1650_U 863.359 2594.5      ...... 2641.7 2690.9 2781.3 2866.7  3034.3 3119.0 3205.0 3292.4 3381.3     2824.4 2908.7  2737.1 2950.5 2992.3 3076.5
1650_H 865.275 2792.6      ...... 2853.6 2917.4 3034.8 3145.7  3362.4 3471.1 3581.0 3692.1 3804.6     3090.8 3200.1  2977.3 3254.2 3308.3 3416.7
1650_S 2.3576 6.4065      ...... 6.5319 6.6567 6.8713 7.0569  7.3794 7.5248 7.6624 7.7934 7.9188     6.9669 7.1425  6.7687 7.2244 7.3032 7.4531
1700_V 1.163 116.62      ...... 124.31 132.94 148.91 163.96  192.87 207.04 221.09 235.06 248.96     156.51 171.3  141.09 178.55 185.74 199.97
1700_U 869.866 2595.1      ...... 2639.6 2689.3 2780.3 2866.0  3033.9 3118.6 3204.6 3292.1 3381.0     2823.5 2908.0  2735.8 2949.9 2991.8 3076.1
1700_H 871.843 2793.4      ...... 2851.0 2915.3 3033.5 3144.7  3361.7 3470.6 3580.5 3691.7 3804.3     3089.6 3199.2  2975.6 3253.5 3307.6 3416.1
1700_S 2.3713 6.3957      ...... 6.5138 6.6398 6.8557 7.0419  7.3649 7.5105 7.6482 7.7793 7.9047     6.9516 7.1277  6.7526 7.2098 7.2887 7.4388
1750_V 1.166 113.38      ...... 120.39 128.85 144.45 159.12  187.26 201.04 214.71 228.28 241.8     151.87 166.27  136.82 173.32 180.32 194.17
1750_U 876.234 2595.7      ...... 2637.6 2687.7 2779.3 2865.3  3033.4 3118.2 3204.3 3291.8 3380.8     2822.7 2907.4  2734.5 2949.3 2991.3 3075.7
1750_H 878.274 2794.1      ...... 2848.2 2913.2 3032.1 3143.7  3361.1 3470.0 3580.0 3691.3 3803.9     3088.4 3198.4  2974.0 3252.7 3306.9 3415.5
1750_S 2.3846 6.3853      ...... 6.4961 6.6233 6.8405 7.0273  7.3509 7.4965 7.6344 7.7656 7.891     6.9368 7.1133  6.7368 7.1955 7.2746 7.4248
1800_V 1.168 110.32      ...... 116.69 124.99 140.24 154.55  181.97 195.38 208.68 221.89 235.03     147.48 161.51  132.78 168.39 175.2 188.69
1800_U 882.472 2596.3      ...... 2635.5 2686.1 2778.2 2864.5  3032.9 3117.8 3203.9 3291.5 3380.5     2821.8 2906.7  2733.3 2948.8 2990.8 3075.2
1800_H 884.574 2794.8      ...... 2845.5 2911.0 3030.7 3142.7  3360.4 3469.5 3579.5 3690.9 3803.6     3087.3 3197.5  2972.3 3251.9 3306.1 3414.9
1800_S 2.3976 6.3751      ...... 6.4787 6.6071 6.8257 7.0131  7.3372 7.483 7.6209 7.7522 7.8777     6.9223 7.0993  6.7214 7.1816 7.2608 7.4112
1850_V 1.17 107.41      ...... 113.19 121.33 136.26 150.23  176.96 190.02 202.97 215.84 228.64     143.33 157.02  128.96 163.73 170.37 183.5
1850_U 888.585 2596.8      ...... 2633.3 2684.4 2777.2 2863.8  3032.4 3117.4 3203.6 3291.1 3380.2     2820.9 2906.1  2732.0 2948.2 2990.3 3074.8
1850_H 890.75 2795.5      ...... 2842.8 2908.9 3029.3 3141.7  3359.8 3468.9 3579.1 3690.4 3803.2     3086.1 3196.6  2970.6 3251.1 3305.4 3414.3
1850_S 2.4103 6.3651      ...... 6.4616 6.5912 6.8112 6.9993  7.3239 7.4698 7.6079 7.7392 7.8648     6.9082 7.0856  6.7064 7.1681 7.2474 7.398
1900_V 1.172 104.65      ...... 109.87 117.87 132.49 146.14  172.21 184.94 197.57 210.11 222.58     139.39 152.76  125.35 159.3 165.78 178.59
1900_U 894.58 2597.3      ...... 2631.2 2682.8 2776.2 2863.0  3031.9 3117.0 3203.2 3290.8 3380.0     2820.1 2905.4  2730.7 2947.6 2989.7 3074.3
1900_H 896.807 2796.1      ...... 2840.0 2906.7 3027.9 3140.7  3359.1 3468.4 3578.6 3690.0 3802.8     3084.9 3195.7  2968.8 3250.3 3304.7 3413.7
1900_S 2.4228 6.3554      ...... 6.4448 6.5757 6.797 6.9857  7.3109 7.457 7.5951 7.7265 7.8522     6.8944 7.0723  6.6917 7.155 7.2344 7.3851
1950_V 1.174 102.031      ...... 106.72 114.58 128.9 142.25  167.7 180.13 192.44 204.67 216.83     135.66 148.72  121.91 155.11 161.43 173.93
1950_U 900.461 2597.7      ...... 2629.0 2681.1 2775.1 2862.3  3031.5 3116.6 3202.9 3290.5 3379.7     2819.2 2904.8  2729.4 2947.0 2989.2 3073.9
1950_H 902.752 2796.7      ...... 2837.1 2904.6 3026.5 3139.7  3358.5 3467.8 3578.1 3689.6 3802.5     3083.7 3194.8  2967.1 3249.5 3304.0 3413.1
1950_S 2.4349 6.3459      ...... 6.4283 6.5604 6.7831 6.9725  7.2983 7.4445 7.5827 7.7142 7.8399     6.8809 7.0593  6.6772 7.1421 7.2216 7.3725
2000_V 1.177 99.536      ...... 103.72 111.45 125.5 138.56  163.42 175.55 187.57 199.5 211.36     132.11 144.89  118.65 151.13 157.3 169.51
2000_U 906.236 2598.2      ...... 2626.9 2679.5 2774.0 2861.5  3031.0 3116.2 3202.5 3290.2 3379.4     2818.3 2904.1  2728.1 2946.4 2988.7 3073.5
2000_H 908.589 2797.2      ...... 2834.3 2902.4 3025.0 3138.6  3357.8 3467.3 3577.6 3689.2 3802.1     3082.5 3193.9  2965.4 3248.7 3303.3 3412.5
2000_S 2.4469 6.3366      ...... 6.412 6.5454 6.7696 6.9596  7.2859 7.4323 7.5706 7.7022 7.8279     6.8677 7.0466  6.6631 7.1296 7.2092 7.3602
2100_V 1.181 94.89      ...... 98.147 105.64 119.18 131.7  155.48 167.06 178.53 189.91 201.22     125.53 137.76  112.59 143.73 149.63 161.28
2100_U 917.479 2598.9      ...... 2622.4 2676.1 2771.9 2860.0  3030.0 3115.3 3201.8 3289.6 3378.9     2816.5 2902.8  2725.4 2945.3 2987.6 3072.6
2100_H 919.959 2798.2      ...... 2828.5 2897.9 3022.2 3136.6  3356.5 3466.2 3576.7 3688.4 3801.4     3080.1 3192.1  2961.9 3247.1 3301.8 3411.3
2100_S 2.47 6.3187      ...... 6.3802 6.5162 6.7432 6.9347  7.2621 7.4087 7.5472 7.6789 7.8048     6.8422 7.022  6.6356 7.1053 7.1851 7.3365
2200_V 1.185 90.652      ...... 93.067 100.35 113.43 125.47  148.25 159.34 170.3 181.19 192.0     119.53 131.28  107.07 137.0 142.65 153.81
2200_U 928.346 2599.6      ...... 2617.9 2672.7 2769.7 2858.5  3029.1 3114.5 3201.1 3289.0 3378.3     2814.7 2901.5  2722.7 2944.1 2986.6 3071.7
2200_H 930.953 2799.1      ...... 2822.7 2893.4 3019.3 3134.5  3355.2 3465.1 3575.7 3687.6 3800.7     3077.7 3190.3  2958.3 3245.5 3300.4 3410.1
2200_S 2.4922 6.3015      ...... 6.3492 6.4879 6.7179 6.9107  7.2393 7.3862 7.5249 7.6568 7.7827     6.8177 6.9985  6.6091 7.0821 7.1621 7.3139
2300_V 1.189 86.769      ...... 88.42 95.513 108.18 119.77  141.65 152.28 162.8 173.22 183.58     114.06 125.36  102.03 130.85 136.28 146.99
2300_U 938.866 2600.2      ...... 2613.3 2669.2 2767.6 2857.0  3028.1 3113.7 3200.4 3288.3 3377.8     2812.9 2900.2  2720.0 2942.9 2985.5 3070.8
2300_H 941.601 2799.8      ...... 2816.7 2888.9 3016.4 3132.4  3353.9 3464.0 3574.8 3686.7 3800.0     3075.3 3188.5  2954.7 3243.9 3299.0 3408.9
2300_S 2.5136 6.2849      ...... 6.319 6.4605 6.6935 6.8877  7.2174 7.3646 7.5035 7.6355 7.7616     6.7941 6.9759  6.5835 7.0598 7.1401 7.2922
2400_V 1.193 83.199       84.149 91.075 103.36 114.55 125.22 135.61 145.82 155.91 165.92 175.86     109.05 119.93  97.411  130.44 140.73 150.88
2400_U 949.066 2600.7       2608.6 2665.6 2765.4 2855.4 2941.7 3027.1 3112.9 3199.6 3287.7 3377.2     2811.1 2898.8  2717.3  2984.5 3069.9 3156.1
2400_H 951.929 2800.4       2810.6 2884.2 3013.4 3130.4 3242.3 3352.6 3462.9 3573.8 3685.9 3799.3     3072.8 3186.7  2951.1  3297.5 3407.7 3518.2
2400_S 2.5343 6.269       6.2894 6.4338 6.6699 6.8656 7.0384 7.1964 7.3439 7.483 7.6152 7.7414     6.7714 6.9542  6.5586  7.1189 7.2713 7.4144
2500_V 1.197 79.905       80.210 86.985 98.925 109.75 120.04 130.04 139.87 149.58 159.21 168.76     104.43 114.94  93.154  125.07 134.97 144.74
2500_U 958.969 2601.2       2603.8 2662.0 2763.1 2853.9 2940.6 3026.2 3112.1 3198.9 3287.1 3376.7     2809.3 2897.5  2714.5  2983.4 3069.0 3155.4
2500_H 961.962 2800.9       2804.3 2879.5 3010.4 3128.2 3240.7 3351.3 3461.7 3572.9 3685.1 3798.6     3070.4 3184.8  2947.4  3296.1 3406.5 3517.2
2500_S 2.5543 6.2536       6.2604 6.4077 6.647 6.8442 7.0178 7.1763 7.324 7.4633 7.5956 7.722     6.7494 6.9333  6.5345  7.0986 7.2513 7.3946
2600_V 1.201 76.856       ...... 83.205 94.83 105.32 115.26 124.91 134.38 143.74 153.01 162.21     100.17 110.33  89.22  120.11 129.66 139.07
2600_U 968.597 2601.5       ...... 2658.4 2760.9 2852.3 2939.4 3025.2 3111.2 3198.2 3286.5 3376.1     2807.4 2896.1  2711.7  2982.3 3068.1 3154.6
2600_H 971.72 2801.4       ...... 2874.7 3007.4 3126.1 3239.0 3349.9 3460.6 3571.9 3684.3 3797.9     3067.9 3183.0  2943.6  3294.6 3405.3 3516.2
2600_S 2.5736 6.2387       ...... 6.3823 6.6249 6.8236 6.9979 7.1568 7.3048 7.4443 7.5768 7.7033     6.7281 6.9131  6.511  7.0789 7.232 7.3755
2700_V 1.205 74.025       ...... 79.698 91.036 101.21 110.83 120.15 129.3 138.33 147.27 156.14     96.218 106.07  85.575  115.52 124.74 133.82
2700_U 977.968 2601.8       ...... 2654.7 2758.6 2850.7 2938.2 3024.2 3110.4 3197.5 3285.8 3375.6     2805.6 2894.8  2708.8  2981.2 3067.2 3153.8
2700_H 981.222 2801.7       ...... 2869.9 3004.4 3124.0 3237.4 3348.6 3459.5 3571.0 3683.5 3797.1     3065.4 3181.2  2939.8  3293.1 3404.0 3515.2
2700_S 2.5924 6.2244       ...... 6.3575 6.6034 6.8036 6.9787 7.1381 7.2863 7.426 7.5587 7.6853     6.7075 6.8935  6.4882  7.06 7.2134 7.3571
2800_V 1.209 71.389       ...... 76.437 87.51 97.395 106.71 115.74 124.58 133.3 141.94 150.5     92.55 102.1  82.187  111.25 120.17 128.95
2800_U 987.1 2602.1       ...... 2650.9 2756.3 2849.2 2937.0 3023.2 3109.6 3196.8 3285.2 3375.0     2803.7 2893.4  2705.9  2980.2 3066.3 3153.1
2800_H 990.485 2802.0       ...... 2864.9 3001.3 3121.9 3235.8 3347.3 3458.4 3570.0 3682.6 3796.4     3062.8 3179.3  2936.0  3291.7 3402.8 3514.1
2800_S 2.6106 6.2104       ...... 6.3331 6.5824 6.7842 6.9601 7.1199 7.2685 7.4084 7.5412 7.6679     6.6875 6.8746  6.4659  7.0416 7.1954 7.3394
2900_V 1.213 68.928       ...... 73.395 84.226 93.843 102.88 111.62 120.18 128.62 136.97 145.26     89.133 98.414  79.029  107.28 115.92 124.42
2900_U 996.008 2602.3       ...... 2647.1 2754.0 2847.6 2935.8 3022.3 3108.8 3196.1 3284.6 3374.5     2801.8 2892.0  2702.9  2979.1 3065.5 3152.3
2900_H 999.524 2802.2       ...... 2859.9 2998.2 3119.7 3234.1 3346.0 3457.3 3569.1 3681.8 3795.7     3060.3 3177.4  2932.1  3290.2 3401.6 3513.1
2900_S 2.6283 6.1969       ...... 6.3092 6.5621 6.7654 6.9421 7.1024 7.2512 7.3913 7.5243 7.6511     6.6681 6.8563  6.4441  7.0239 7.178 7.3222
3000_V 1.216 66.626       ...... 70.551 81.159 90.526 99.31 107.79 116.08 124.26 132.34 140.36     85.943 94.969  76.078  103.58 111.95 120.18
3000_U 1004.7 2602.4       ...... 2643.2 2751.6 2846.0 2934.6 3021.3 3107.9 3195.4 3284.0 3373.9     2799.9 2890.7  2700.0  2978.0 3064.6 3151.5
3000_H 1008.4 2802.3       ...... 2854.8 2995.1 3117.5 3232.5 3344.6 3456.2 3568.1 3681.0 3795.0     3057.7 3175.6  2928.2  3288.7 3400.4 3512.1
3000_S 2.6455 6.1837       ...... 6.2857 6.5422 6.7471 6.9246 7.0854 7.2345 7.3748 7.5079 7.6349     6.6491 6.8385  6.4228  7.0067 7.1612 7.3056
3100_V 1.22 64.467       ...... 67.885 78.287 87.423 95.965 104.2 112.24 120.17 128.01 135.78     82.958 91.745  73.315  100.11 108.24 116.22
3100_U 1013.2 2602.5       ...... 2639.2 2749.2 2844.3 2933.4 3020.3 3107.1 3194.7 3283.3 3373.4     2797.9 2889.3  2697.0  2976.9 3063.7 3150.8
3100_H 1017.0 2802.3       ...... 2849.6 2991.9 3115.4 3230.8 3343.3 3455.1 3567.2 3680.2 3794.3     3055.1 3173.7  2924.2  3287.3 3399.2 3511.0
3100_S 2.6623 6.1709       ...... 6.2626 6.5227 6.7294 6.9077 7.0689 7.2183 7.3588 7.492 7.6191     6.6307 6.8212  6.4019  6.99 7.1448 7.2895
3200_V 1.224 62.439       ...... 65.38 75.593 84.513 92.829 100.83 108.65 116.34 123.95 131.48     80.158 88.723  70.721  96.859 104.76 112.51
3200_U 1021.5 2602.5       ...... 2635.2 2746.8 2842.7 2932.1 3019.3 3106.3 3193.9 3282.7 3372.8     2796.0 2887.9  2693.9  2975.9 3062.8 3150.0
3200_H 1025.4 2802.3       ...... 2844.4 2988.7 3113.2 3229.2 3342.0 3454.0 3566.2 3679.3 3793.6     3052.5 3171.8  2920.2  3285.8 3398.0 3510.0
3200_S 2.6786 6.1585       ...... 6.2398 6.5037 6.712 6.8912 7.0528 7.2026 7.3433 7.4767 7.6039     6.6127 6.8043  6.3815  6.9738 7.129 7.2739
3300_V 1.227 60.529       ...... 63.021 73.061 81.778 89.883 97.668 105.27 112.74 120.13 127.45     77.526 85.883  68.282  93.805 101.49 109.02
3300_U 1029.7 2602.5       ...... 2631.1 2744.4 2841.1 2930.9 3018.3 3105.5 3193.2 3282.1 3372.3     2794.0 2886.5  2690.8  2974.8 3061.9 3149.2
3300_H 1033.7 2802.3       ...... 2839.0 2985.5 3110.9 3227.5 3340.6 3452.8 3565.3 3678.5 3792.9     3049.9 3169.9  2916.1  3284.3 3396.8 3509.0
3300_S 2.6945 6.1463       ...... 6.2173 6.4851 6.6952 6.8752 7.0373 7.1873 7.3282 7.4618 7.5891     6.5951 6.7879  6.3614  6.958 7.1136 7.2588
3400_V 1.231 58.728       ...... 60.796 70.675 79.204 87.11 94.692 102.09 109.36 116.54 123.65     75.048 83.21  65.982  90.93 98.408 105.74
3400_U 1037.6 2602.5       ...... 2626.9 2741.9 2839.4 2929.7 3017.4 3104.6 3192.5 3281.5 3371.7     2792.0 2885.1  2687.7  2973.7 3061.0 3148.4
3400_H 1041.8 2802.1       ...... 2833.6 2982.2 3108.7 3225.9 3339.3 3451.7 3564.3 3677.7 3792.1     3047.2 3168.0  2912.0  3282.8 3395.5 3507.9
3400_S 2.7101 6.1344       ...... 61951.0 6.4669 6.6787 6.8595 7.0221 7.1724 7.3136 7.4473 7.5747     6.5779 6.7719  6.3416  6.9426 7.0986 7.244
3500_V 1.235 57.025       ...... 58.693 68.424 76.776 84.494 91.886 99.088 106.17 113.15 120.07     72.71 80.689  63.812  88.22 95.505 102.64
3500_U 1045.4 2602.4       ...... 2622.7 2739.5 2837.8 2928.4 3016.4 3103.8 3191.8 3280.8 3371.2     2790.0 2883.7  2684.5  2972.6 3060.1 3147.7
3500_H 1049.8 2802.0       ...... 2828.1 2979.0 3106.5 3224.2 3338.0 3450.6 3563.4 3676.9 3791.4     3044.5 3166.1  2907.8  3281.3 3394.3 3506.9
3500_S 2.7253 6.1228       ...... 6.1732 6.4491 6.6626 6.8443 7.0074 7.158 7.2993 7.4332 7.5607     6.5611 6.7563  6.3221  6.9277 7.084 7.2297
3600_V 1.238 55.415       ...... 56.702 66.297 74.482 82.024 89.236 96.255 103.15 109.96 116.69     70.501 78.308  61.759  85.66 92.764 99.716
3600_U 1053.1 2602.2       ...... 2618.4 2737.0 2836.1 2927.2 3015.4 3103.0 3191.1 3280.2 3370.6     2788.0 2882.3  2681.3  2971.5 3059.2 3146.9
3600_H 1057.6 28017.0       ...... 2822.5 2975.6 3104.2 3222.5 3336.6 3449.5 3562.4 3676.1 3790.7     3041.8 3164.2  2903.6  3279.8 3393.1 3505.9
3600_S 2.7401 6.1115       ...... 61514.0 6.4315 6.6468 6.8294 6.993 7.1439 7.2854 7.4195 7.5471     6.5446 6.7411  6.303  6.9131 7.0698 7.2157
3700_V 1.242 53.888       ...... 54.812 64.282 72.311 79.687 86.728 93.576 100.3 106.93 113.49     68.41 76.055  59.814  83.238 90.171 96.95
3700_U 1060.6 2602.1       ...... 2614.0 2734.4 2834.4 2926.0 3014.4 3102.1 3190.4 3279.6 3370.1     2786.0 2880.8  2678.0  2970.4 3058.2 3146.1
3700_H 1065.2 2801.4       ...... 2816.8 2972.3 3102.0 3220.8 3335.3 3448.4 3561.5 3675.2 3790.0     3039.1 3162.2  2899.3  3278.4 3391.9 3504.9
3700_S 2.7547 6.1004       ...... 6.1299 6.4143 6.6314 6.8149 6.979 7.1302 7.2719 7.4061 7.5339     6.5284 6.7262  6.2841  6.8989 7.0559 7.2021
3800_V 1.245 52.438       ...... 53.017 62.372 70.254 77.473 84.353 91.038 97.596 104.06 110.46     66.429 73.92  57.968  80.944 87.714 94.33
3800_U 1068.0 2601.9       ...... 2609.5 2731.9 2832.7 2924.7 3013.4 3101.3 3189.6 3279.0 3369.5     2783.9 2879.4  2674.7  2969.3 3057.3 3145.4
3800_H 1072.7 2801.1       ...... 2811.0 2968.9 3099.7 3219.1 3333.9 3447.2 3560.5 3674.4 3789.3     3036.4 3160.3  2895.0  3276.8 3390.7 3503.8
3800_S 2.7689 6.0896       ...... 6.1085 6.3973 6.6163 6.8007 6.9653 7.1168 7.2587 7.3931 7.521     6.5126 6.7117  6.2654  6.8849 7.0424 7.1888
3900_V 1.249 51.061       ...... 51.308 60.558 68.302 75.372 82.099 88.629 95.033 101.35 107.59     64.547 71.894  56.215  78.767 85.383 91.844
3900_U 1075.3 2601.6       ...... 2605.0 2729.3 2831.0 2923.5 3012.4 3100.5 3188.9 3278.3 3369.0     2781.9 2877.9  2671.4  2968.2 3056.4 3144.6
3900_H 1080.1 2800.8       ...... 2805.1 2965.5 3097.4 3217.4 3332.6 3446.1 3559.5 3673.6 3788.6     3033.6 3158.3  2890.6  3275.3 3389.4 3502.8
3900_S 2.7828 6.0789       ...... 6.0872 6.3806 6.6015 6.7868 6.9519 7.1037 7.2459 7.3804 7.5084     6.497 6.6974  6.247  6.8713 7.0292 7.1759
4000_V 1.252 49.749       ...... 54.546 62.759 69.969  79.958 86.341 92.598 98.763 104.86     66.446 73.376  58.833  76.698 83.169 89.483
4000_U 1082.4 2601.3       ...... 2668.0 2779.8 2876.5  3011.4 3099.6 3188.2 3277.7 3368.4     2829.3 2922.2  2726.7  2967.0 3055.5 3143.8
4000_H 1087.4 2800.3       ...... 2886.1 3030.8 3156.4  3331.2 3445.0 3558.6 3672.8 3787.9     3095.1 3215.7  2962.0  3273.8 3388.2 3501.7
4000_S 2.7965 6.0685       ...... 6.2288 6.4817 6.6834  6.9388 7.0909 7.2333 7.368 7.4961     6.587 6.7733  6.3642  6.8581 7.0163 7.1632
4100_V 1.256 48.5         57.191 64.68 71.476 77.921 84.165 90.281 96.306 102.26   50.150  61.057 68.137  52.955  74.73 81.062 87.236 93.303
4100_U 1089.4 2601.0         2724.0 2827.6 2920.9 3010.4 3098.8 3187.5 3277.1 3367.9   2624.6  2777.7 2875.0  2664.5  2965.9 3054.6 3143.0 3232.1
4100_H 1094.6 2799.9         2958.5 3092.8 3214.0 3329.9 3443.9 3557.6 3671.9 3787.1   2830.3  3028.0 3154.4  2881.6  3272.3 3387.0 3500.7 3614.7
4100_S 2.8099 6.0583         6.348 6.5727 6.76 6.926 7.0785 7.221 7.3558 7.4842   6.1157  6.4667 6.6697  6.2107  6.845 7.0037 7.1508 7.2893
4200_V 1.259 47.307         55.625 62.998 69.667 75.981 82.092 88.075 93.966 99.787   48.654  59.435 66.392  51.438  72.856 79.056 85.097 91.03
4200_U 1096.3 2600.7         2721.4 2825.8 2919.7 3009.4 3097.9 3186.8 3276.5 3367.3   2620.4  2775.6 2873.6  2661.0  2964.8 3053.7 3142.3 3231.5
4200_H 1101.6 2799.4         2955.0 3090.4 3212.3 3328.5 3442.7 3556.7 3671.1 3786.4   2824.8  3025.2 3152.4  2877.1  3270.8 3385.7 3499.7 3613.8
4200_S 2.8231 6.0482         6.332 6.5587 6.7469 6.9135 7.0662 7.209 7.344 7.4724   6.0962  6.4519 6.6563  6.1929  6.8323 6.9913 7.1387 7.2774
4300_V 1.262 46.168         54.13 61.393 67.942 74.131 80.116 85.971 91.735 97.428   47.223  57.887 64.728  49.988  71.069 77.143 83.057 88.863
4300_U 1103.1 2600.3         2718.7 2824.1 2918.4 3008.4 3097.1 3186.0 3275.8 3366.8   2616.2  2773.4 2872.1  2657.5  2963.7 3052.8 3141.5 3230.8
4300_H 1108.5 2798.9         2951.4 3088.1 3210.5 3327.1 3441.6 3555.7 3670.3 3785.7   2819.2  3022.3 3150.4  2872.4  3269.3 3384.5 3498.6 3612.9
4300_S 2.836 6.0383         6.3162 6.545 6.7341 6.9012 7.0543 7.1973 7.3324 7.461   6.0768  6.4373 6.6431  6.1752  6.8198 6.9792 7.1269 7.2658
4400_V 1.266 45.079         52.702 59.861 66.295 72.365 78.229 83.963 89.605 95.177   45.853  56.409 63.139  48.601  69.363 75.317 81.11 86.794
4400_U 1109.8 2599.9         2716.0 2822.3 2917.1 3007.4 3096.3 3185.3 3275.2 3366.2   2611.8  2771.3 2870.6  2653.9  2962.5 3051.9 3140.7 3230.1
4400_H 1115.4 2798.3         2947.8 3085.7 3208.8 3325.8 3440.5 3554.7 3669.5 3785.0   2813.6  3019.5 3148.4  2867.8  3267.7 3383.3 3497.6 3612.0
4400_S 2.8487 6.0286         6.3006 6.5315 6.7216 6.8892 7.0426 7.1858 7.3211 7.4498   6.0575  6.423 6.6301  6.1577  6.8076 6.9674 7.1153 7.2544
4500_V 1.269 44.037         51.336 58.396 64.721 70.677 76.427 82.044 87.57 93.025   44.540  54.996 61.62  47.273  67.732 73.572 79.249 84.817
4500_U 1116.4 2599.5         2713.2 2820.5 2915.8 3006.3 3095.4 3184.6 3274.6 3365.7   2607.4  2769.1 2869.1  2650.3  2961.4 3050.9 3139.9 3229.5
4500_H 1122.1 2797.7         2944.2 3083.3 3207.1 3324.4 3439.3 3553.8 3668.6 3784.3   2807.9  3016.6 3146.4  2863.0  3266.2 3382.0 3496.6 3611.1
4500_S 2.8612 6.0191         6.2852 6.5182 6.7093 6.8774 7.0311 7.1746 7.31 7.4388   6.0382  6.4088 6.6174  6.1403  6.7955 6.9558 7.104 7.2432
4600_V 1.272 43.038         50.027 56.994 63.215 69.063 74.702 80.209 85.623 90.967   43.278  53.643 60.167  46.0  66.172 71.903 77.469 82.926
4600_U 1122.9 2599.1         2710.4 2818.7 2914.5 3005.3 3094.6 3183.9 3273.9 3365.1   2602.9  2766.9 2867.6  2646.6  2960.3 3050.0 3139.2 3228.8
4600_H 1128.8 2797.0         2940.5 3080.9 3205.3 3323.0 3438.2 3552.8 3667.8 3783.6   2802.0  3013.7 3144.4  2858.2  3264.7 3380.8 3495.5 3610.2
4600_S 2.8735 6.0097         6.27 6.505 6.6972 6.8659 7.0199 7.1636 7.2991 7.4281   6.0190  6.3949 6.6049  6.123  6.7838 6.9444 7.0928 7.2323
4700_V 1.276 42.081         48.772 55.651 61.773 67.517 73.051 78.452 83.76 88.997   ......  52.346 58.775  44.778  64.679 70.304 75.765 81.116
4700_U 1129.3 2598.6         2707.6 2816.9 2913.2 3004.3 3093.7 3183.1 3273.3 3364.6   ......  2764.7 2866.1  2642.9  2959.1 3049.1 3138.4 3228.1
4700_H 1135.3 2796.4         2936.8 3078.5 3203.6 3321.6 3437.1 3551.9 3667.0 3782.9   ......  3010.7 3142.3  2853.3  3263.1 3379.5 3494.5 3609.3
4700_S 2.8855 6.0004         6.2549 6.4921 6.6853 6.8545 7.0089 7.1527 7.2885 7.4176   ......  6.3811 6.5926  6.1058  6.7722 6.9332 7.0819 7.2215
4800_V 1.279 41.161         47.569 54.364 60.39 66.036 71.469 76.768 81.973 87.109   ......  51.103 57.441  43.604  63.247 68.773 74.132 79.381
4800_U 1135.6 2598.1         2704.8 2815.1 2911.9 3003.3 3092.9 3182.4 3272.7 3364.0   ......  2762.5 2864.6  2639.1  2958.0 3048.2 3137.6 3227.4
4800_H 1141.8 2795.7         2933.1 3076.1 3201.8 3320.3 3435.9 3550.9 3666.2 3782.1   ......  3007.8 3140.3  2848.4  3261.6 3378.3 3493.4 3608.5
4800_S 2.8974 5.9913         6.2399 6.4794 6.6736 6.8434 6.9981 7.1422 7.2781 7.4072   ......  6.3675 6.5805  6.0887  6.7608 6.9223 7.0712 7.211
4900_V 1.282 40.278         46.412 53.128 59.064 64.615 69.951 75.152 80.26 85.298   ......  49.909 56.161  42.475  61.874 67.303 72.565 77.716
4900_U 1141.9 2597.6         2701.9 2813.3 2910.6 3002.3 3092.0 3181.7 3272.0 3363.5   ......  2760.2 2863.0  2635.2  2956.9 3047.2 3136.8 3226.8
4900_H 1148.2 2794.9         2929.3 3073.6 3200.0 3318.9 3434.8 3549.9 3665.3 3781.4   ......  3004.8 3138.2  2843.3  3260.0 3377.0 3492.4 3607.6
4900_S 2.9091 5.9823         6.2252 6.4669 6.6621 6.8324 6.9874 7.1318 7.2678 7.3971   ......  6.3541 6.5685  6.0717  6.7496 6.9115 7.0607 7.2007
5000_V 1.286 39.429         45.301 51.941 57.791 63.25 68.494 73.602 78.616 83.559   ......  48.762 54.932  41.388  60.555 65.893 71.061 76.119
5000_U 1148.0 2597.0         2699.0 2811.5 2909.3 3001.2 3091.2 3181.0 3271.4 3362.9   ......  2758.0 2861.5  2631.3  2955.7 3046.3 3136.0 3226.1
5000_H 1154.5 2794.2         2925.5 3071.2 3198.3 3317.5 3433.7 3549.0 3664.5 3780.7   ......  3001.8 3136.2  2838.2  3258.5 3375.8 3491.3 3606.7
5000_S 2.9206 5.9735         6.2105 6.4545 6.6508 6.8217 6.977 7.1215 7.2578 7.3872   ......  6.3408 6.5568  6.0547  6.7386 6.9009 7.0504 7.1906
5100_V 1.289 38.611         44.231 50.801 56.567 61.94 67.094 72.112 77.035 81.888   ......  47.66 53.75  40.34  59.288 64.537 69.616 74.584
5100_U 1154.1 2596.5         2696.1 2809.6 2908.0 3000.2 3090.3 3180.2 3270.8 3362.4   ......  2755.7 2860.0  2627.3  2954.5 3045.4 3135.3 3225.4
5100_H 1160.7 2793.4         2921.7 3068.7 3196.5 3316.1 3432.5 3548.0 3663.7 3780.0   ......  2998.7 3134.1  2833.1  3256.9 3374.5 3490.3 3605.8
5100_S 2.9319 5.9648         6.196 6.4423 6.6396 6.8111 6.9668 7.1115 7.2479 7.3775   ......  6.3277 6.5452  6.0378  6.7278 6.8905 7.0403 7.1807
5200_V 1.292 37.824         43.201 49.703 55.39 60.679 65.747 70.679 75.516 80.282   ......  46.599 52.614  39.33  58.07 63.234 68.227 73.108
5200_U 1160.1 2595.9         2693.1 2807.8 2906.7 2999.2 3089.5 3179.5 3270.2 3361.8   ......  2753.4 2858.4  2623.3  2953.4 3044.5 3134.5 3224.7
5200_H 1166.8 2792.6         2917.8 3066.2 3194.7 3314.7 3431.4 3547.1 3662.8 3779.3   ......  2995.7 3132.0  2827.8  3255.4 3373.3 3489.3 3604.9
5200_S 2.9431 5.9561         6.1815 6.4302 6.6287 6.8007 6.9567 7.1017 7.2382 7.3679   ......  6.3147 6.5338  6.021  6.7172 6.8803 7.0304 7.1709
5300_V 1.296 37.066         42.209 48.647 54.257 59.466 64.452 69.3 74.054 78.736   ......  45.577 51.52  38.354  56.897 61.98 66.89 71.687
5300_U 1166.1 2595.3         2690.1 2805.9 2905.3 2998.2 3088.6 3178.8 3269.5 3361.3   ......  2751.0 2856.9  2619.2  2952.2 3043.5 3133.7 3224.1
5300_H 1172.9 2791.7         2913.8 3063.7 3192.9 3313.3 3430.2 3546.1 3662.0 3778.6   ......  2992.6 3129.9  2822.5  3253.8 3372.0 3488.2 3604.0
5300_S 2.9541 5.9476         6.1672 6.4183 6.6179 6.7905 6.9468 7.092 7.2287 7.3585   ......  6.3018 6.5225  6.0041  6.7067 6.8703 7.0206 7.1613
5400_V 1.299 36.334         41.251 47.628 53.166 58.297 63.204 67.973 72.646 77.248   ......  44.591 50.466  37.411  55.768 60.772 65.603 70.32
5400_U 1171.9 2594.6         2687.1 2804.0 2904.0 2997.1 3087.8 3178.1 3268.9 3360.7   ......  2748.7 2855.3  2615.0  2951.1 3042.6 3132.9 3223.4
5400_H 1178.9 2790.8         2909.8 3061.2 3191.1 3311.9 3429.1 3545.1 3661.2 3777.8   ......  2989.5 3127.8  2817.0  3252.2 3370.8 3487.2 3603.1
5400_S 2.965 5.9392         6.153 6.4066 6.6072 6.7804 6.9371 7.0825 7.2194 7.3493   ......  6.2891 6.5114  5.9873  6.6963 6.8604 7.011 7.1519
5500_V 1.302 35.628         40.327 46.647 52.115 57.171 62.002 66.694 71.289 75.814   ......  43.641 49.45  36.499  54.679 59.608 64.362 69.002
5500_U 1177.7 2594.0         2684.0 2802.1 2902.7 2996.1 3086.9 3177.3 3268.3 3360.2   ......  2746.3 2853.7  2610.8  2949.9 3041.7 3132.1 3222.7
5500_H 1184.9 2789.9         2905.8 3058.7 3189.3 3310.5 3427.9 3544.2 3660.4 3777.1   ......  2986.4 3125.7  2811.5  3250.6 3369.5 3486.1 3602.2
5500_S 2.9757 5.9309         6.1388 6.3949 6.5967 6.7705 6.9275 7.0731 7.2102 7.3402   ......  6.2765 6.5004  5.9705  6.6862 6.8507 7.0015 7.1426
5600_V 1.306 34.946         39.434 45.7 51.1 56.085 60.843 65.46 69.981 74.431   ......  42.724 48.47  35.617  53.63 58.486 63.165 67.731
5600_U 1183.5 2593.3         2680.9 2800.2 2901.3 2995.0 3086.1 3176.6 3267.6 3359.6   ......  2744.0 2852.1  2606.5  2948.7 3040.7 3131.3 3222.0
5600_H 1190.8 2789.0         2901.7 3056.1 3187.5 3309.1 3426.8 3543.2 3659.5 3776.4   ......  2983.2 3123.6  2805.9  3249.0 3368.2 3485.1 3601.3
5600_S 2.9863 5.9227         6.1248 6.3834 6.5863 6.7607 6.9181 7.0639 7.2011 7.3313   ......  6.264 6.4896  5.9537  6.6761 6.8411 6.9922 7.1335
5700_V 1.309 34.288         38.571 44.785 50.121 55.038 59.724 64.27 68.719 73.096   ......  41.838 47.525  34.761  52.617 57.403 62.011 66.504
5700_U 1189.1 2592.6         2677.8 2798.3 2899.9 2994.0 3085.2 3175.9 3267.0 3359.1   ......  2741.6 2850.5  2602.1  2947.5 3039.8 3130.5 3221.3
5700_H 1196.6 2788.0         2897.6 3053.5 3185.6 3307.7 3425.6 3542.2 3658.7 3775.7   ......  2980.0 3121.4  2800.2  3247.5 3367.0 3484.0 3600.4
5700_S 2.9968 5.9146         6.1108 6.372 6.5761 6.7511 6.9088 7.0549 7.1923 7.3226   ......  6.2516 6.4789  5.9369  6.6663 6.8316 6.9831 7.1245
5800_V 1.312 33.651         37.736 43.902 49.176 54.026 58.644 63.12 67.5 71.807    34.756 40.982 46.611    51.638 56.357 60.896 65.32 36.301
5800_U 1194.7 2591.9         2674.6 2796.3 2898.6 2992.9 3084.4 3175.2 3266.4 3358.5    2614.4 2739.1 2848.9    2946.4 3038.8 3129.8 3220.7 2645.7
5800_H 1202.3 2787.0         2893.5 3051.0 3183.8 3306.3 3424.5 3541.2 3657.9 3775.0    2816.0 2976.8 3119.3    3245.9 3365.7 3483.0 3599.5 2856.3
5800_S 3.0071 5.9066         6.0969 6.3608 6.566 6.7416 6.8996 7.046 7.1835 7.3139    5.9592 6.2393 6.4683    6.6565 6.8223 6.974 7.1157 6.0314
5900_V 1.315 33.034         36.928 43.048 48.262 53.048 57.6 62.01 66.322 70.563    33.953 40.154 45.728    50.693 55.346 59.819 64.176 35.497
5900_U 1200.3 2591.1         2671.4 2794.4 2897.2 2991.9 3083.5 3174.4 3265.7 3357.9    2610.2 2736.7 2847.3    2945.2 3037.9 3129.0 3220.0 2642.1
5900_H 1208.0 2786.0         2889.3 3048.4 3182.0 3304.9 3423.3 3540.3 3657.0 3774.3    2810.5 2973.6 3117.1    3244.3 3364.4 3481.9 3598.6 2851.5
5900_S 3.0172 5.8986         6.083 6.3496 6.556 6.7322 6.8906 7.0372 7.1749 7.3054    5.9431 6.2272 6.4578    6.6469 6.8132 6.9652 7.107 6.0166
6000_V 1.319 32.438         36.145 42.222 47.379 52.103 56.592 60.937 65.184 69.359    33.173 39.353 44.874    49.779 54.369 58.778 63.071 34.718
6000_U 1205.8 2590.4         2668.1 2792.4 2895.8 2990.8 3082.6 3173.7 3265.1 3357.4    2605.9 2734.2 2845.7    2944.0 3036.9 3128.2 3219.3 2638.4
6000_H 1213.7 2785.0         2885.0 3045.8 3180.1 3303.5 3422.2 3539.3 3656.2 3773.5    2804.9 2970.4 3115.0    3242.6 3363.2 3480.8 3597.7 2846.7
6000_S 3.0273 5.8908         6.0692 6.3386 6.5462 6.723 6.8818 7.0285 7.1664 7.2971    5.9270 6.2151 6.4475    6.6374 6.8041 6.9564 7.0985 6.0017
6100_V 1.322 31.86         35.386 41.422 46.524 51.189 55.616 59.898 64.083 68.196    32.415 38.577 44.048    48.895 53.424 57.771 62.001 33.962
6100_U 1211.2 2589.6         2664.8 2790.4 2894.5 2989.8 3081.8 3173.0 3264.5 3356.8    2601.5 2731.7 2844.1    2942.8 3036.0 3127.4 3218.6 2634.6
6100_H 1219.3 2783.9         2880.7 3043.1 3178.3 3302.0 3421.0 3538.3 3655.4 3772.8    2799.3 2967.1 3112.8    3241.0 3361.9 3479.8 3596.8 2841.8
6100_S 3.0372 5.883         6.0555 6.3277 6.5364 6.7139 6.873 7.02 7.1581 7.2889    5.9108 6.2031 6.4373    6.628 6.7952 6.9478 7.09 5.9869
6200_V 1.325 31.3         34.65 40.648 45.697 50.304 54.671 58.894 63.018 67.069    31.679 37.825 43.248    48.039 52.51 56.797 60.966 33.227
6200_U 1216.6 2588.8         2661.5 2788.5 2893.1 2988.7 3080.9 3172.2 3263.8 3356.3    2597.1 2729.2 2842.4    2941.6 3035.0 3126.6 3218.0 2630.8
6200_H 1224.8 2782.9         2876.3 3040.5 3176.4 3300.6 3419.9 3537.4 3654.5 3772.1    2793.5 2963.8 3110.6    3239.4 3360.6 3478.7 3595.9 2836.8
6200_S 3.0471 5.8753         6.0418 6.3168 6.5268 6.7049 6.8644 7.0116 7.1498 7.2808    5.8946 6.1911 6.4272    6.6188 6.7864 6.9393 7.0817 5.9721
6300_V 1.328 30.757         33.935 39.898 44.895 49.447 53.757 57.921 61.986 65.979    30.962 37.097 42.473    47.21 51.624 55.853 59.964 32.514
6300_U 1221.9 2588.0         2658.1 2786.5 2891.7 2987.7 3080.1 3171.5 3263.2 3355.7    2592.6 2726.7 2840.8    2940.4 3034.1 3125.8 3217.3 2626.9
6300_H 1230.3 2781.8         2871.9 3037.8 3174.5 3299.2 3418.7 3536.4 3653.7 3771.4    2787.6 2960.4 3108.4    3237.8 3359.3 3477.7 3595.0 2831.7
6300_S 3.0568 5.8677         6.0281 6.3061 6.5173 6.696 6.8559 7.0034 7.1417 7.2728    5.8783 6.1793 6.4172    6.6096 6.7778 6.9309 7.0735 5.9573
6400_V 1.332 30.23         33.241 39.17 44.119 48.617 52.871 56.978 60.987 64.922    30.265 36.39 41.722    46.407 50.767 54.939 58.993 31.821
6400_U 1227.2 2587.2         2654.7 2784.4 2890.3 2986.6 3079.2 3170.8 3262.6 3355.2    2587.9 2724.2 2839.1    2939.2 3033.1 3125.0 3216.6 2623.0
6400_H 1235.7 2780.6         2867.5 3035.1 3172.7 3297.7 3417.6 3535.4 3652.9 3770.7    2781.6 2957.1 3106.2    3236.2 3358.0 3476.6 3594.1 2826.6
6400_S 3.0664 5.8601         6.0144 6.2955 6.5079 6.6872 6.8475 6.9952 7.1337 7.2649    5.8619 6.1675 6.4072    6.6006 6.7692 6.9226 7.0655 5.9425
6500_V 1.335 29.719         32.567 38.465 43.366 47.812 52.012 56.065 60.018 63.898    ...... 35.704 40.994    45.629 49.935 54.053 58.052 31.146
6500_U 1232.5 2586.3         2651.2 2782.4 2888.9 2985.5 3078.3 3170.0 3261.9 3354.6    ...... 2721.6 2837.5    2938.0 3032.2 3124.2 3215.9 2619.0
6500_H 1241.1 2779.5         2862.9 3032.4 3170.8 3296.3 3416.4 3534.4 3652.1 3770.0    ...... 2953.7 3103.9    3234.5 3356.8 3475.6 3593.2 2821.4
6500_S 3.0759 5.8527         6.0008 6.2849 6.4986 6.6786 6.8392 6.9871 7.1258 7.2572    ...... 6.1558 6.3974    6.5917 6.7608 6.9145 7.0575 5.9277
6600_V 1.338 29.223         31.911 37.781 42.636 47.031 51.18 55.179 59.079 62.905    ...... 35.038 40.287    44.874 49.129 53.194 57.139 30.490
6600_U 1237.6 2585.5         2647.7 2780.4 2887.5 2984.5 3077.4 3169.3 3261.3 3354.1    ...... 2719.0 2835.8    2936.7 3031.2 3123.4 3215.2 2614.9
6600_H 1246.5 2778.3         2858.4 3029.7 3168.9 3294.9 3415.2 3533.5 3651.2 3769.2    ...... 2950.2 3101.7    3232.9 3355.5 3474.5 3592.3 2816.1
6600_S 3.0853 5.8452         5.9872 6.2744 6.4894 6.67 6.831 6.9792 7.1181 7.2495    ...... 6.1442 6.3877    6.5828 6.7524 6.9064 7.0497 5.9129
6700_V 1.342 28.741         31.273 37.116 41.927 46.274 50.372 54.32 58.168 61.942    ...... 34.391 39.601    44.141 48.346 52.361 56.254 29.850
6700_U 1242.8 2584.6         2644.2 2778.3 2886.1 2983.4 3076.6 3168.6 3260.7 3353.5    ...... 2716.4 2834.1    2935.5 3030.3 3122.6 3214.5 2610.8
6700_H 1251.8 2777.1         2853.7 3027.0 3167.0 3293.4 3414.1 3532.5 3650.4 3768.5    ...... 2946.8 3099.5    3231.3 3354.2 3473.4 3591.4 2810.8
6700_S 3.0946 5.8379         5.9736 6.264 6.4803 6.6616 6.8229 6.9714 7.1104 7.242    ...... 6.1326 6.3781    6.5741 6.7442 6.8985 7.0419 5.8980
6800_V 1.345 28.272         30.652 36.47 41.239 45.539 49.588 53.486 57.283 61.007    ...... 33.762 38.935    43.43 47.587 51.552 55.395 29.226
6800_U 1247.9 2583.7         2640.6 2776.2 2884.7 2982.3 3075.7 3167.8 3260.0 3353.0    ...... 2713.7 2832.4    2934.3 3029.3 3121.8 3213.9 2606.6
6800_H 1257.0 2775.9         2849.0 3024.2 3165.1 3292.0 3412.9 3531.5 3649.6 3767.8    ...... 2943.3 3097.2    3229.6 3352.9 3472.4 3590.5 2805.3
6800_S 3.1038 5.8306         5.9599 6.2537 6.4713 6.6532 6.815 6.9636 7.1028 7.2345    ...... 6.1211 6.3686    6.5655 6.7361 6.8907 7.0343 5.8830
7000_V 1.351 27.373         29.457 35.233 39.922 44.131 48.086 51.889 55.59 59.217    ...... 32.556 37.66    42.068 46.133 50.003 53.75 28.024
7000_U 1258.0 2581.8         2633.2 2772.1 2881.8 2980.1 3074.0 3166.3 3258.8 3351.9    ...... 2708.4 2829.0    2931.8 3027.4 3120.2 3212.5 2597.9
7000_H 1267.4 2773.5         2839.4 3018.7 3161.2 3289.1 3410.6 3529.6 3647.9 3766.4    ...... 2936.3 3092.7    3226.3 3350.3 3470.2 3588.7 2794.1
7000_S 3.1219 5.8162         5.9327 6.2333 6.4536 6.6368 6.7993 6.9485 7.088 7.22    ...... 6.0982 6.3497    6.5485 6.7201 6.8753 7.0193 5.8530
7200_V 1.358 26.522         28.321 34.063 38.676 42.802 46.668 50.381 53.991 57.527    ...... 31.413 36.454    40.781 44.759 48.54 52.197 26.878
7200_U 1267.9 2579.9         2625.6 2767.8 2878.9 2978.0 3072.2 3164.9 3257.5 3350.7    ...... 2702.9 2825.6    2929.4 3025.4 3118.6 3211.1 2589.0
7200_H 1277.6 2770.9         2829.5 3013.1 3157.4 3286.1 3408.2 3527.6 3646.2 3764.9    ...... 2929.1 3088.1    3223.0 3347.7 3468.1 3586.9 2782.5
7200_S 3.1397 5.802         5.9054 6.2132 6.4362 6.6208 6.784 6.9337 7.0735 7.2058    ...... 6.0755 6.3312    6.5319 6.7044 6.8602 7.0047 5.8226
7400_V 1.364 25.715         27.238 32.954 37.497 41.544 45.327 48.954 52.478 55.928    ...... 30.328 35.312    39.564 43.46 47.156 50.727 25.781
7400_U 1277.6 2578.0         2617.8 2763.5 2876.0 2975.8 3070.4 3163.4 3256.2 3349.6    ...... 2697.3 2822.1    2926.9 3023.5 3117.0 3209.8 2579.7
7400_H 1287.7 2768.3         2819.3 3007.4 3153.5 3283.2 3405.9 3525.7 3644.5 3763.5    ...... 2921.8 3083.4    3219.6 3345.1 3466.0 3585.1 2770.5
7400_S 3.1571 5.788         5.8779 6.1933 6.419 6.605 6.7691 6.9192 7.0594 7.1919    ...... 6.053 6.313    6.5156 6.6892 6.8456 6.9904 5.7919
7600_V 1.371 24.949         26.204 31.901 36.38 40.351 44.056 47.603 51.045 54.413    ...... 29.297 34.229    38.409 42.228 45.845 49.335 ......
7600_U 1287.2 2575.9         2609.7 2759.2 2873.1 2973.6 3068.7 3161.9 3254.9 3348.5    ...... 2691.7 2818.6    2924.3 3021.5 3115.4 3208.4 ......
7600_H 1297.6 2765.5         2808.8 3001.6 3149.6 3280.3 3403.5 3523.7 3642.9 3762.1    ...... 2914.3 3078.7    3216.3 3342.5 3463.8 3583.3 ......
7600_S 3.1742 5.7742         5.8503 6.1737 6.4022 6.5896 6.7545 6.9051 7.0457 7.1784    ...... 6.0306 6.295    6.4996 6.6742 6.8312 6.9765 ......
7800_V 1.378 24.22         25.214 30.9 35.319 39.22 42.85 46.32 49.686 52.976    ...... 28.315 33.2    37.314 41.06 44.601 48.014 ......
7800_U 1296.7 2573.8         2601.3 2754.8 2870.1 2971.4 3066.9 3160.4 3253.7 3347.4    ...... 2685.9 2815.1    2921.8 3019.6 3113.8 3207.0 ......
7800_H 1307.4 2762.8         2798.0 2995.8 3145.6 3277.3 3401.1 3521.7 3641.2 3760.6    ...... 2906.7 3074.0    3212.9 3339.8 3461.7 3581.5 ......
7800_S 3.1911 5.7605         5.8224 6.1542 6.3857 6.5745 6.7402 6.8913 7.0322 7.1652    ...... 6.0082 6.2773    6.4839 6.6596 6.8172 6.9629 ......
8000_V 1.384 23.525         24.264 29.948 34.31 38.145 41.704 45.102 48.394 51.611    ...... 27.378 32.222    36.273 39.95 43.419 46.759 ......
8000_U 1306.0 2571.7         2592.7 2750.3 2867.1 2969.2 3065.1 3158.9 3252.4 3346.3    ...... 2679.9 2811.5    2919.3 3017.6 3112.2 3205.6 ......
8000_H 1317.1 2759.9         2786.8 2989.9 3141.6 3274.3 3398.8 3519.7 3639.5 3759.2    ...... 2899.0 3069.2    3209.5 3337.2 3459.5 3579.7 ......
8000_S 3.2076 5.7471         5.7942 6.1349 6.3694 6.5597 6.7262 6.8778 7.0191 7.1523    ...... 5.986 6.2599    6.4684 6.6452 6.8035 6.9496 ......
8200_V 1.391 22.863         23.350  33.35 37.121 40.614 43.943 47.166 50.313          35.282 38.893 42.295 45.566  25.916 28.064 29.968 31.715 48.747
8200_U 1315.2 2569.5         2583.7  2864.1 2966.9 3063.3 3157.4 3251.1 3345.2          2916.7 3015.6 3110.5 3204.3  2657.7 2718.5 2771.5 2819.5 3298.1
8200_H 1326.6 2757.0         2775.2  3137.6 3271.3 3396.4 3517.8 3637.9 3757.7          3206.0 3334.5 3457.3 3577.9  2870.2 2948.6 3017.2 3079.5 3697.8
8200_S 3.2239 5.7338         5.7656  6.3534 6.5452 6.7124 6.8646 7.0062 7.1397          6.4532 6.6311 6.79 6.9365  5.9288 6.0588 6.1689 6.2659 7.0739
8400_V 1.398 22.231         22.469  32.435 36.147 39.576 42.839 45.996 49.076          34.337 37.887 41.224 44.429  25.058 27.203 29.094 30.821 47.544
8400_U 1324.3 2567.2         2574.4  2861.1 2964.7 3061.6 3155.9 3249.8 3344.1          2914.1 3013.6 3108.9 3202.9  2651.1 2713.4 2767.3 2816.0 3296.9
8400_H 1336.1 2754.0         2763.1  3133.5 3268.3 3394.0 3515.8 3636.2 3756.3          3202.6 3331.9 3455.2 3576.1  2861.6 2941.9 3011.7 3074.8 3696.2
8400_S 3.2399 5.7207         5.7366  6.3376 6.5309 6.699 6.8516 6.9936 7.1274          6.4383 6.6173 6.7769 6.9238  5.9056 6.0388 6.1509 6.2491 7.0614
8600_V 1.404 21.627         ......  31.561 35.217 38.586 41.787 44.88 47.897          33.437 36.928 40.202 43.345  24.236 26.38 28.258 29.968 46.397
8600_U 1333.3 2564.9         ......  2858.0 2962.4 3059.8 3154.4 3248.5 3342.9          2911.5 3011.6 3107.3 3201.5  2644.3 2708.1 2763.1 2812.4 3295.7
8600_H 1345.4 2750.9         ......  3129.4 3265.3 3391.6 3513.8 3634.5 3754.9          3199.1 3329.2 3453.0 3574.3  2852.7 2935.0 3006.1 3070.1 3694.7
8600_S 3.2557 5.7076         ......  6.322 6.5168 6.6858 6.839 6.9813 7.1153          6.4236 6.6037 6.7639 6.9113  5.8823 6.0189 6.133 6.2326 7.0492
8800_V 1.411 21.049         ......  30.727 34.329 37.64 40.782 43.815 46.771          32.576 36.011 39.228 42.31  23.446 25.592 27.459 29.153 45.301
8800_U 1342.2 2562.6         ......  2854.9 2960.1 3058.0 3152.9 3247.2 3341.8          2908.9 3009.6 3105.6 3200.1  2637.3 2702.8 2758.8 2808.8 3294.5
8800_H 1354.6 2747.8         ......  3125.3 3262.2 3389.2 3511.8 3632.8 3753.4          3195.6 3326.5 3450.8 3572.4  2843.6 2928.0 3000.4 3065.3 3693.1
8800_S 3.2713 5.6948         ......  6.3067 6.503 6.6728 6.8265 6.9692 7.1035          6.4092 6.5904 6.7513 6.899  5.8590 5.999 6.1152 6.2162 7.0373
9000_V 1.418 20.495         ......  29.929 33.48 36.737 39.822 42.798 45.695          31.754 35.136 38.296 41.321  22.685 24.836 26.694 28.372 44.255
9000_U 1351.0 2560.1         ......  2851.8 2957.8 3056.1 3151.4 3246.0 3340.7          2906.3 3007.6 3104.0 3198.7  2630.1 2697.4 2754.4 2805.2 3293.3
9000_H 1363.7 2744.6         ......  3121.2 3259.2 3386.8 3509.8 3631.1 3752.0          3192.0 3323.8 3448.7 3570.6  2834.3 2920.9 2994.7 3060.5 3691.6
9000_S 3.2867 5.682         ......  6.2915 6.4894 6.66 6.8143 6.9574 7.0919          6.3949 6.5773 6.7388 6.887  5.8355 5.9792 6.0976 6.2 7.0256
9200_V 1.425 19.964         ......  29.165 32.668 35.872 38.904 41.824 44.667          30.966 34.298 37.405 40.375  21.952 24.11 25.961 27.625 43.254
9200_U 1359.7 2557.7         ......  2848.7 2955.5 3054.3 3149.9 3244.7 3339.6          2903.6 3005.6 3102.3 3197.3  2622.7 2691.9 2750.0 2801.5 3292.1
9200_H 1372.8 2741.3         ......  3117.0 3256.1 3384.4 3507.8 3629.5 3750.5          3188.5 3321.1 3446.5 3568.8  2824.7 2913.7 2988.9 3055.7 3690.0
9200_S 3.3018 5.6694         ......  6.2765 6.476 6.6475 6.8023 6.9457 7.0806          6.3808 6.5644 6.7266 6.8752  5.8118 5.9594 6.0801 6.184 7.0141
9400_V 1.432 19.455         ......  28.433 31.891 35.045 38.024 40.892 43.682          30.212 33.495 36.552 39.47  21.245 23.412 25.257 26.909 42.295
9400_U 1368.2 2555.2         ......  2845.5 2953.2 3052.5 3148.4 3243.4 3338.5          2900.9 3003.5 3100.7 3195.9  2615.1 2686.3 2745.6 2797.8 3290.9
9400_H 1381.7 2738.0         ......  3112.8 3253.0 3381.9 3505.9 3627.8 3749.1          3184.9 3318.4 3444.3 3566.9  2814.8 2906.3 2983.0 3050.7 3688.4
9400_S 3.3168 5.6568         ......  6.2617 6.4628 6.6352 6.7906 6.9343 7.0695          6.3669 6.5517 6.7146 6.8637  5.7879 5.9397 6.0627 6.1681 7.0029
9600_V 1.439 18.965         ......  27.731 31.145 34.252 37.182 39.999 42.738          29.489 32.726 35.734 38.602  20.561 22.74 24.581 26.221 41.377
9600_U 1376.7 2552.6         ......  2842.3 2950.9 3050.7 3146.9 3242.1 3337.4          2898.2 3001.5 3099.0 3194.5  2607.3 2680.5 2741.0 2794.1 3289.7
9600_H 1390.6 2734.7         ......  3108.5 3249.9 3379.5 3503.9 3626.1 3747.6          3181.3 3315.6 3442.1 3565.1  2804.7 2898.8 2977.0 3045.8 3686.9
9600_S 3.3315 5.6444         ......  6.247 6.4498 6.6231 6.779 6.9231 7.0585          6.3532 6.5392 6.7028 6.8523  5.7637 5.9199 6.0454 6.1524 6.9918
9800_V 1.446 18.494         ......  27.056 30.429 33.491 36.373 39.142 41.832          28.795 31.988 34.949 37.769  19.899 22.093 23.931 25.561 40.496
9800_U 1385.2 2550.0         ......  2839.1 2948.6 3048.8 3145.4 3240.8 3336.2          2895.5 2999.4 3097.4 3193.1  2599.2 2674.7 2736.4 2790.3 3288.5
9800_H 1399.3 2731.2         ......  3104.2 3246.8 3377.0 3501.9 3624.4 3746.2          3177.7 3312.9 3439.9 3563.3  2794.3 2891.2 2971.0 3040.8 3685.3
9800_S 3.3461 5.6321         ......  6.2325 6.4369 6.6112 6.7676 6.9121 7.0478          6.3397 6.5268 6.6912 6.8411  5.7393 5.9001 6.0282 6.1368 6.981
10000_V 1.453 18.041         ......  26.408 29.742 32.76 35.597 38.32 40.963          28.128 31.28 34.196 36.97  19.256 21.468 23.305 24.926 39.65
10000_U 1393.5 2547.3         ......  2835.8 2946.2 3047.0 3143.9 3239.5 3335.1          2892.8 2997.4 3095.7 3191.7  2590.9 2668.7 2731.8 2786.4 3287.3
10000_H 1408.0 2727.7         ......  3099.9 3243.6 3374.6 3499.8 3622.7 3744.7          3174.1 3310.1 3437.7 3561.4  2783.5 2883.4 2964.8 3035.7 3683.8
10000_S 3.3605 5.6198         ......  6.2182 6.4243 6.5994 6.7564 6.9013 7.0373          6.3264 6.5147 6.6797 6.8302  5.7145 5.8803 6.011 6.1213 6.9703
10200_V 1.46 17.605         ......  25.785 29.081 32.058 34.851 37.53 40.128          27.487 30.599 33.472 36.202  18.632 20.865 22.702 24.315 38.837
10200_U 1401.8 2544.6         ......  2832.6 2943.9 3045.2 3142.3 3238.2 3334.0          2890.0 2995.3 3094.0 3190.3  2582.3 2662.6 2727.0 2782.6 3286.1
10200_H 1416.7 2724.2         ......  3095.6 3240.5 3372.1 3497.8 3621.0 3743.3          3170.4 3307.4 3435.5 3559.6  2772.3 2875.4 2958.6 3030.6 3682.2
10200_S 3.3748 5.6076         ......  6.204 6.4118 6.5879 6.7454 6.8907 7.0269          6.3131 6.5027 6.6685 6.8194  5.6894 5.8604 5.994 6.1059 6.9598
10400_V 1.467 17184.0         ......  25.185 28.446 31.382 34.134 36.77 39.325          26.87 29.943 32.776 35.464  18.024 20.282 22.121 23.726 38.056
10400_U 1410.0 25418.0         ......  2829.3 2941.5 3043.3 3140.8 3236.9 3332.9          2887.3 2993.2 3092.4 3188.9  2573.4 2656.3 2722.2 2778.7 3284.8
10400_H 1425.2 2720.6         ......  3091.2 3237.3 3369.7 3495.8 3619.3 3741.8          3166.7 3304.6 3433.2 3557.8  2760.8 2867.2 2952.3 3025.4 3680.6
10400_S 3.3889 5.5955         ......  6.1899 6.3994 6.5765 6.7346 6.8803 7.0167          6.3001 6.4909 6.6574 6.8087  5.6638 5.8404 5.9769 6.0907 6.9495
10600_V 1.474 16.778         ......  24.607 27.834 30.732 33.444 36.039 38.552          26.276 29.313 32.106 34.753  17.432 19.717 21.56 23.159 37.304
10600_U 1418.1 2539.0         ......  2825.9 2939.1 3041.4 3139.3 3235.6 3331.7          2884.5 2991.1 3090.7 3187.5  2564.1 2649.9 2717.4 2774.7 3283.6
10600_H 1433.7 2716.9         ......  3086.8 3234.1 3367.2 3493.8 3617.6 3740.4          3163.0 3301.8 3431.0 3555.9  2748.9 2858.9 2945.9 3020.2 3679.1
10600_S 3.4029 5.5835         ......  6.1759 6.3872 6.5652 6.7239 6.87 7.0067          6.2872 6.4793 6.6465 6.7983  5.6376 5.8203 5.9599 6.0755 6.9394
10800_V 1.481 16.385         ......  24.05 27.245 30.106 32.779 35.335 37.808          25.703 28.706 31.461 34.069  16.852 19.17 21.018 22.612 36.58
10800_U 1426.2 2536.2         ......  2822.6 2936.7 3039.6 3137.8 3234.3 3330.6          2881.7 2989.0 3089.0 3186.1  2554.5 2643.4 2712.4 2770.7 3282.4
10800_H 1442.2 2713.1         ......  3082.3 3230.9 3364.7 3491.8 3615.9 3738.9          3159.3 3299.0 3428.8 3554.1  2736.5 2850.4 2939.4 3014.9 3677.5
10800_S 3.4167 5.5715         ......  6.1621 6.3752 6.5542 6.7134 6.8599 6.9969          6.2744 6.4678 6.6357 6.788  5.6109 5.8 5.9429 6.0604 6.9294
11000_V 1.489 16.006         ......  23.512 26.676 29.503 32.139 34.656 37.091          25.151 28.12 30.839 33.41  16.285 18.639 20.494 22.083 35.882
11000_U 1434.2 2533.2         ......  2819.2 2934.3 3037.7 3136.2 3233.0 3329.5          2878.9 2986.9 3087.3 3184.7  2544.4 2636.7 2707.4 2766.7 3281.2
11000_H 1450.6 2709.3         ......  3077.8 3227.7 3362.2 3489.7 3614.2 3737.5          3155.5 3296.2 3426.5 3552.2  2723.5 2841.7 2932.8 3009.6 3675.9
11000_S 3.4304 5.5595         ......  6.1483 6.3633 6.5432 6.7031 6.8499 6.9872          6.2617 6.4564 6.6251 6.7779  5.5835 5.7797 5.9259 6.0454 6.9196
11200_V 1.496 15.639         ......  22.993 26.128 28.921 31.521 34.002 36.4          24.619 27.555 30.24 32.774  15.726 18.124 19.987 21.573 35.21
11200_U 1442.1 2530.3         ......  2815.8 2931.8 3035.8 3134.7 3231.7 3328.4          2876.0 2984.8 3085.6 3183.3  2533.8 2629.8 2702.2 2762.6 3280.0
11200_H 1458.9 2705.4         ......  3073.3 3224.5 3359.7 3487.7 3612.5 3736.0          3151.7 3293.4 3424.3 3550.4  2710.0 2832.8 2926.1 3004.2 3674.4
11200_S 3.444 5.5476         ......  6.1347 6.3515 6.5324 6.6929 6.8401 6.9777          6.2491 6.4452 6.6147 6.7679  5.5553 5.7591 5.909 6.0305 6.9099
11400_V 1.504 15.284         ......  22.492 25.599 28.359 30.925 33.37 35.733          24.104 27.01 29.661 32.16  ...... 17.622 19.495 21.079 34.56
11400_U 1450.0 2527.2         ......  2812.3 2929.4 3033.9 3133.1 3230.4 3327.2          2873.1 2982.6 3083.9 3181.9  ...... 2622.7 2697.0 2758.4 3278.8
11400_H 1467.2 2701.5         ......  3068.7 3221.2 3357.2 3485.7 3610.8 3734.6          3147.9 3290.5 3422.1 3548.5  ...... 2823.6 2919.3 2998.7 3672.8
11400_S 3.4575 5.5357         ......  6.1211 6.3399 6.5218 6.6828 6.8304 6.9683          6.2367 6.4341 6.6043 6.758  ...... 5.7383 5.892 6.0156 6.9004
