1	0	126	0
1	0	91	1
1	1	126	0
1	0	91	1
1	0	91	1
1	0	91	1
1	1	91	1
1	1	91	1
1	1	124	0
1	0	124	0
1	1	91	1
1	0	91	1
1	0	91	1
1	0	91	1
1	0	150	0
1	1	91	1
1	0	91	1
1	0	91	1
1	1	228	0
1	0	91	1
1	0	91	1
1	1	91	1
1	0	91	1
1	0	91	1
1	0	91	1
1	0	91	1
1	1	91	1
1	0	91	1
1	0	91	1
1	1	91	1
1	0	91	1
1	1	91	1
1	1	91	1
1	1	91	1
1	0	139	0
1	1	91	1
1	1	91	1
1	0	91	1
1	0	91	1
1	1	195	0
1	0	123	0
1	0	91	1
1	1	123	0
1	1	94	1
1	1	94	1
1	0	91	1
1	0	94	1
1	0	94	1
1	1	94	1
1	0	94	1
1	1	95	1
1	0	91	1
1	1	95	1
1	1	91	1
1	0	91	1
1	1	91	1
1	0	145	0
1	1	146	0
1	1	91	1
1	0	91	1
1	1	91	1
1	0	91	1
1	0	91	1
1	1	91	1
1	1	123	0
1	0	94	1
1	1	95	1
1	0	95	1
1	0	123	0
1	0	95	1
1	0	95	1
1	1	95	1
1	1	95	1
1	0	95	1
1	1	91	1
1	1	91	1
1	1	217	0
1	1	91	1
1	0	195	0
1	0	98	1
1	1	183	0
1	0	133	0
1	0	98	1
1	0	91	1
1	1	95	1
1	1	95	1
1	1	95	1
1	0	91	1
1	1	95	1
1	1	123	0
1	1	95	1
1	1	95	1
1	0	123	0
1	0	93	1
1	1	93	1
1	0	143	0
1	1	93	1
1	0	93	1
1	1	93	1
1	0	93	1
1	1	93	1
1	1	93	1
1	0	93	1
1	1	93	1
1	1	142	0
1	1	123	0
1	1	95	1
1	1	95	1
1	0	123	0
1	0	91	1
1	1	98	1
1	1	98	1
1	1	98	1
1	0	98	1
1	1	92	1
1	1	92	1
1	1	92	1
1	0	92	1
1	0	92	1
1	1	142	0
1	0	173	0
1	1	120	0
1	0	92	1
1	1	91	1
1	1	92	1
1	1	92	1
1	0	120	0
1	0	92	1
1	0	92	1
1	1	92	1
1	0	191	0
1	0	91	1
1	1	92	1
1	1	92	1
1	1	92	1
1	0	91	1
1	1	92	1
1	1	92	1
1	1	92	1
1	1	191	0
1	0	91	1
1	0	92	1
1	0	92	1
1	0	92	1
1	0	113	0
1	0	120	0
1	1	92	1
1	1	113	0
1	1	113	0
1	0	92	1
1	1	120	0
1	0	113	0
1	0	113	0
1	1	92	1
1	0	190	0
1	1	91	1
1	1	180	0
1	0	91	1
1	0	98	1
1	0	91	1
1	1	91	1
1	0	98	1
1	0	98	1
1	1	91	1
1	1	91	1
1	0	91	1
1	1	92	1
1	1	92	1
1	1	92	1
1	1	119	0
1	0	119	0
1	0	91	1
1	0	91	1
1	1	92	1
1	1	92	1
1	1	150	0
1	0	101	0
1	0	141	0
1	1	92	1
1	0	91	1
1	1	92	1
1	1	92	1
1	1	92	1
1	1	119	0
1	1	92	1
1	0	119	0
1	0	92	1
1	0	92	1
1	0	92	1
1	0	92	1
1	0	91	1
1	1	139	0
1	1	98	1
1	0	92	1
1	0	140	0
1	0	92	1
1	0	91	1
1	0	91	1
1	1	119	0
1	0	98	1
1	0	119	0
1	0	91	1
1	0	98	1
1	1	92	1
1	0	135	0
1	1	92	1
1	1	91	1
1	1	91	1
1	0	91	1
1	1	148	0
1	0	119	0
1	0	91	1
1	0	91	1
1	1	91	1
1	0	91	1
1	0	158	0
1	0	91	1
1	0	91	1
1	0	91	1
1	1	91	1
1	1	189	0
1	0	116	0
1	1	91	1
1	0	91	1
1	1	98	1
1	1	98	1
1	1	118	0
1	0	92	1
1	0	92	1
1	1	136	0
1	1	92	1
1	0	141	0
1	0	92	1
1	1	92	1
1	1	92	1
1	0	91	1
1	1	91	1
1	0	112	0
1	1	91	1
1	0	91	1
1	0	91	1
1	1	91	1
1	1	114	0
1	0	91	1
1	1	91	1
1	0	91	1
1	0	91	1
1	1	91	1
1	1	91	1
1	1	91	1
1	0	91	1
1	1	141	0
1	1	91	1
1	0	194	0
1	1	113	0
1	1	91	1
1	1	91	1
1	0	98	1
1	1	91	1
1	0	107	0
1	1	91	1
1	1	91	1
1	1	148	0
1	0	91	1
1	0	91	1
1	0	91	1
1	0	91	1
1	1	91	1
1	0	154	0
1	0	91	1
1	0	91	1
1	0	91	1
1	0	91	1
1	0	91	1
1	0	91	1
1	1	105	0
1	1	105	0
1	0	110	0
1	0	91	1
1	1	112	0
1	1	105	0
1	0	91	1
1	0	185	0
1	0	92	1
1	0	92	1
1	1	137	0
1	1	92	1
1	0	92	1
1	1	92	1
1	0	91	1
1	0	91	1
1	1	112	0
1	0	91	1
1	0	112	0
1	1	91	1
1	0	105	0
1	1	91	1
1	1	91	1
1	1	91	1
1	1	174	0
1	0	181	0
1	1	91	1
1	1	91	1
1	1	91	1
1	0	105	0
1	0	91	1
1	0	111	0
1	1	111	0
1	0	91	1
1	0	91	1
1	1	91	1
1	0	119	0
1	0	91	1
1	1	91	1
1	0	119	0
1	0	119	0
1	0	92	1
1	1	92	1
1	0	92	1
1	0	92	1
1	1	137	0
1	0	157	0
1	0	92	1
1	1	92	1
1	1	91	1
1	0	107	0
1	1	91	1
1	1	91	1
1	1	91	1
1	1	91	1
1	1	91	1
1	1	91	1
1	0	91	1
1	1	91	1
1	0	91	1
1	1	107	0
1	0	91	1
1	0	176	0
1	1	91	1
1	1	91	1
1	1	134	0
1	1	91	1
1	1	91	1
1	1	91	1
1	0	91	1
1	1	91	1
1	1	91	1
1	1	91	1
1	1	91	1
1	1	106	0
1	1	91	1
1	1	91	1
1	0	91	1
1	1	91	1
1	0	91	1
1	0	91	1
1	0	91	1
1	0	106	0
1	0	91	1
1	1	91	1
1	0	91	1
1	1	91	1
1	0	91	1
1	1	91	1
1	1	99	1
1	1	99	1
1	1	98	1
1	1	99	1
1	1	105	0
1	1	99	1
1	0	105	0
1	1	162	0
1	0	91	1
1	1	91	1
1	0	137	0
1	0	91	1
1	0	91	1
1	1	91	1
1	1	91	1
1	1	91	1
1	1	91	1
1	0	91	1
1	0	92	1
1	0	100	0
1	0	92	1
1	1	100	0
1	1	92	1
1	1	92	1
1	0	92	1
1	0	92	1
1	1	92	1
1	1	92	1
1	0	92	1
1	1	92	1
1	1	92	1
1	0	100	0
1	1	92	1
1	1	100	0
1	1	171	0
1	1	91	1
1	1	91	1
1	0	162	0
1	1	100	0
1	0	92	1
1	1	92	1
1	0	92	1
1	1	92	1
1	0	100	0
1	0	92	1
1	1	92	1
1	0	92	1
1	0	98	1
1	0	149	0
1	1	91	1
1	1	91	1
1	0	91	1
1	1	169	0
1	0	99	1
1	0	92	1
1	0	92	1
1	0	92	1
1	1	99	1
1	1	92	1
1	0	92	1
1	1	91	1
1	1	91	1
1	0	91	1
1	1	91	1
1	0	91	1
1	0	137	0
1	0	91	1
1	1	168	0
1	0	91	1
1	0	92	1
1	1	99	1
1	1	92	1
1	1	92	1
1	0	92	1
1	1	92	1
1	1	92	1
1	1	92	1
1	0	99	1
1	1	92	1
1	0	91	1
1	1	147	0
1	0	91	1
1	0	91	1
1	1	91	1
1	0	173	0
1	0	91	1
1	1	91	1
1	1	91	1
1	0	91	1
1	0	92	1
1	1	92	1
1	1	92	1
1	0	92	1
1	0	92	1
1	1	92	1
1	1	99	1
1	1	92	1
1	0	92	1
1	0	100	0
1	0	92	1
1	0	92	1
1	1	92	1
1	1	98	1
1	0	99	1
1	1	93	1
1	1	93	1
1	1	98	1
1	1	93	1
1	0	93	1
1	0	93	1
1	1	93	1
1	1	138	0
1	0	93	1
1	0	93	1
1	0	93	1
1	0	93	1
1	0	137	0
1	1	98	1
1	0	99	1
1	0	99	1
1	0	93	1
1	0	93	1
1	0	93	1
1	0	93	1
1	0	99	1
1	1	98	1
1	0	93	1
1	0	93	1
1	1	93	1
1	1	93	1
1	0	93	1
1	1	93	1
1	1	93	1
1	0	93	1
1	1	93	1
1	1	93	1
1	1	97	1
1	0	91	1
1	1	92	1
1	0	98	1
1	1	92	1
1	1	91	1
1	1	91	1
1	0	98	1
1	1	91	1
1	1	91	1
1	0	98	1
1	0	98	1
1	0	91	1
1	0	91	1
1	0	91	1
1	0	91	1
1	1	92	1
1	1	97	1
1	0	91	1
1	0	91	1
1	0	91	1
1	1	91	1
1	1	92	1
1	1	92	1
1	1	91	1
1	0	162	0
1	0	91	1
1	0	91	1
1	0	91	1
1	0	91	1
1	0	91	1
1	1	163	0
1	0	91	1
1	0	91	1
1	0	91	1
1	1	92	1
1	1	91	1
1	0	95	1
1	1	92	1
1	1	91	1
1	0	92	1
1	1	95	1
1	0	92	1
1	0	92	1
1	0	92	1
1	0	91	1
1	0	91	1
1	0	91	1
1	0	91	1
1	1	91	1
1	1	91	1
1	1	136	0
1	0	91	1
1	0	173	0
1	1	92	1
1	0	95	1
1	0	92	1
1	1	95	1
1	1	92	1
1	1	98	1
1	1	98	1
1	0	143	0
1	0	91	1
1	0	91	1
1	1	91	1
1	1	91	1
1	1	135	0
1	0	91	1
1	0	91	1
1	0	91	1
1	0	91	1
1	0	98	1
1	1	95	1
1	0	92	1
1	0	92	1
1	0	92	1
1	0	92	1
1	0	95	1
1	1	93	1
1	0	93	1
1	0	93	1
1	0	93	1
1	0	93	1
1	1	171	0
1	1	93	1
1	0	142	0
1	0	93	1
1	1	93	1
1	0	93	1
1	0	93	1
1	0	91	1
1	1	91	1
1	1	91	1
1	1	91	1
1	0	91	1
1	0	91	1
1	1	91	1
1	0	91	1
1	0	91	1
1	1	153	0
1	1	91	1
1	1	91	1
1	0	134	0
1	0	91	1
1	0	91	1
1	1	91	1
1	1	91	1
1	1	91	1
1	0	91	1
1	1	91	1
1	0	91	1
1	0	91	1
1	0	91	1
1	0	91	1
1	0	91	1
1	1	91	1
1	0	91	1
1	0	91	1
1	1	91	1
1	1	91	1
1	1	91	1
1	0	92	1
1	0	91	1
1	0	92	1
1	0	91	1
1	1	91	1
1	0	153	0
1	0	91	1
1	0	91	1
1	1	91	1
1	1	92	1
1	1	92	1
1	0	91	1
1	0	91	1
1	1	92	1
1	1	153	0
1	1	92	1
1	1	137	0
1	1	91	1
1	1	91	1
1	0	91	1
1	0	144	0
1	1	91	1
1	0	91	1
1	1	91	1
1	0	91	1
1	0	91	1
1	0	91	1
1	1	91	1
1	1	91	1
1	1	142	0
1	0	149	0
1	0	91	1
1	1	86	1
1	1	86	1
1	1	86	1
1	1	86	1
1	1	86	1
1	0	86	1
1	0	86	1
1	0	148	0
1	0	92	1
1	0	148	0
1	1	139	0
1	1	91	1
1	0	91	1
1	0	91	1
1	0	91	1
1	0	91	1
1	0	190	0
1	1	91	1
1	1	91	1
1	1	91	1
1	1	91	1
1	1	91	1
1	1	91	1
1	0	98	1
1	0	98	1
1	0	147	0
1	0	91	1
1	1	140	0
1	0	91	1
1	1	91	1
1	1	91	1
1	1	107	0
1	0	91	1
1	1	91	1
1	0	91	1
1	0	91	1
1	1	91	1
1	1	91	1
1	1	91	1
1	0	91	1
1	0	91	1
1	0	91	1
1	0	91	1
1	1	91	1
1	0	91	1
1	1	91	1
1	1	91	1
1	1	101	0
1	1	91	1
1	1	91	1
1	1	91	1
1	0	178	0
1	0	94	1
1	0	94	1
1	1	94	1
1	1	94	1
1	0	94	1
1	0	94	1
1	0	94	1
1	1	94	1
1	0	94	1
1	0	94	1
1	0	91	1
1	1	95	1
1	1	91	1
1	1	91	1
1	0	144	0
1	1	91	1
1	0	91	1
1	0	94	1
1	1	94	1
1	1	94	1
1	1	94	1
1	1	94	1
1	1	94	1
1	0	114	0
1	0	114	0
1	1	94	1
1	1	94	1
1	0	114	0
1	1	94	1
1	0	94	1
1	1	116	0
1	0	142	0
1	0	92	1
1	0	92	1
1	0	92	1
1	0	92	1
1	0	92	1
1	0	92	1
1	0	91	1
1	0	91	1
1	0	91	1
1	0	91	1
1	1	91	1
1	1	91	1
1	0	92	1
1	0	92	1
1	0	92	1
1	0	92	1
1	0	92	1
1	1	136	0
1	0	92	1
1	0	92	1
1	0	148	0
1	0	92	1
1	1	92	1
1	1	92	1
1	1	92	1
1	1	92	1
1	1	100	0
1	0	100	0
1	1	100	0
1	1	92	1
1	0	96	1
1	0	96	1
1	1	92	1
1	0	192	0
1	1	91	1
1	0	92	1
1	0	92	1
1	1	99	1
1	0	92	1
1	1	92	1
1	1	169	0
1	1	92	1
1	0	92	1
1	1	92	1
1	0	92	1
1	0	136	0
1	0	92	1
1	0	92	1
1	1	92	1
1	0	92	1
1	1	91	1
1	1	100	0
1	1	91	1
1	0	99	1
1	1	91	1
1	1	100	0
1	0	99	1
1	1	100	0
1	1	92	1
1	0	92	1
1	0	92	1
1	1	175	0
1	0	92	1
1	0	183	0
1	1	92	1
1	1	91	1
1	1	91	1
1	1	91	1
1	0	91	1
1	0	91	1
1	0	91	1
1	1	94	1
1	1	94	1
1	0	92	1
1	1	96	1
1	1	92	1
1	0	192	0
1	0	92	1
1	0	92	1
1	1	92	1
1	1	93	1
1	1	93	1
1	1	93	1
1	1	93	1
1	0	94	1
1	0	94	1
1	0	94	1
1	0	94	1
1	0	94	1
1	1	92	1
1	1	92	1
1	1	92	1
1	1	92	1
1	1	92	1
1	1	92	1
1	1	92	1
1	0	151	0
1	1	91	1
1	1	142	0
1	1	135	0
1	1	91	1
1	1	94	1
1	0	113	0
1	1	94	1
1	1	105	0
1	0	91	1
1	0	113	0
1	1	105	0
1	0	140	0
1	0	91	1
1	1	91	1
1	0	91	1
1	0	91	1
1	1	91	1
1	0	91	1
1	1	91	1
1	1	91	1
1	1	91	1
1	0	91	1
1	1	91	1
1	1	105	0
1	0	91	1
1	1	91	1
1	1	99	1
1	0	99	1
1	1	99	1
1	1	99	1
1	0	99	1
1	0	99	1
1	0	99	1
1	1	100	0
1	0	99	1
1	1	99	1
1	1	99	1
1	1	100	0
1	0	91	1
1	1	196	0
1	1	91	1
1	0	91	1
1	0	91	1
1	0	167	0
1	0	91	1
1	0	91	1
1	0	91	1
1	1	91	1
1	1	91	1
1	0	91	1
1	1	104	0
1	1	104	0
1	0	91	1
1	1	104	0
1	1	104	0
1	0	91	1
1	1	113	0
1	1	91	1
1	0	139	0
1	0	91	1
1	1	91	1
1	1	91	1
1	1	91	1
1	1	91	1
1	0	91	1
1	1	94	1
1	1	94	1
1	0	95	1
1	0	95	1
1	0	95	1
1	0	95	1
1	1	94	1
1	0	91	1
1	1	139	0
1	0	91	1
1	0	91	1
1	1	91	1
1	1	91	1
1	0	91	1
1	0	91	1
1	1	91	1
1	1	91	1
1	1	91	1
1	1	91	1
1	1	91	1
1	1	91	1
1	1	91	1
1	0	91	1
1	1	91	1
1	0	91	1
1	0	91	1
1	1	91	1
1	0	180	0
1	1	91	1
1	0	91	1
1	1	158	0
1	1	91	1
1	0	91	1
1	1	91	1
1	1	91	1
1	0	95	1
1	1	106	0
1	1	94	1
1	0	95	1
1	0	95	1
1	0	95	1
1	1	106	0
1	1	106	0
1	0	95	1
1	0	95	1
1	1	91	1
1	1	188	0
1	1	91	1
1	1	98	1
1	0	143	0
1	0	98	1
1	0	264	0
1	0	142	0
1	0	93	1
1	0	93	1
1	1	93	1
1	0	93	1
1	0	93	1
1	1	93	1
1	1	93	1
1	1	153	0
1	0	93	1
1	0	91	1
1	1	96	1
1	1	96	1
1	0	91	1
1	0	96	1
1	0	96	1
1	1	104	0
1	1	96	1
1	1	104	0
1	0	96	1
1	1	96	1
1	0	96	1
1	0	96	1
1	1	96	1
1	1	96	1
1	1	96	1
1	0	148	0
1	1	93	1
1	0	93	1
1	1	93	1
1	1	146	0
1	0	93	1
1	1	93	1
1	0	93	1
1	0	146	0
1	1	93	1
1	0	96	1
1	1	91	1
1	1	96	1
1	0	96	1
1	1	96	1
1	0	96	1
1	0	96	1
1	1	91	1
1	0	96	1
1	1	96	1
1	1	91	1
1	0	87	1
1	0	93	1
1	0	93	1
1	0	153	0
1	0	93	1
1	1	93	1
1	1	93	1
1	1	93	1
1	0	93	1
1	1	98	1
1	1	93	1
1	0	93	1
1	1	93	1
1	1	102	0
1	1	93	1
1	1	93	1
1	0	93	1
1	1	93	1
1	1	102	0
1	1	93	1
1	0	102	0
1	0	102	0
1	0	138	0
1	0	93	1
1	1	142	0
1	1	93	1
1	1	93	1
1	1	93	1
1	0	93	1
1	1	93	1
1	1	92	1
1	0	91	1
1	0	91	1
1	0	91	1
1	0	91	1
1	0	91	1
1	0	91	1
1	1	107	0
1	0	91	1
1	1	107	0
1	1	120	0
1	1	91	1
1	0	163	0
1	1	91	1
1	1	104	0
1	1	104	0
1	0	91	1
1	0	91	1
1	1	133	0
1	1	167	0
1	1	91	1
1	0	160	0
1	1	91	1
1	0	102	0
1	0	93	1
1	1	102	0
1	1	102	0
1	0	102	0
1	1	102	0
1	0	93	1
1	0	102	0
1	1	102	0
1	1	91	1
1	0	137	0
1	0	91	1
1	1	141	0
1	0	91	1
1	1	91	1
1	0	91	1
1	1	91	1
1	1	91	1
1	1	104	0
1	1	104	0
1	1	104	0
1	0	104	0
1	0	104	0
1	1	104	0
1	1	101	0
1	1	101	0
1	1	104	0
1	1	104	0
1	0	91	1
1	1	91	1
1	0	98	1
1	0	98	1
1	1	91	1
1	1	91	1
1	0	172	0
1	1	98	1
1	1	144	0
1	0	98	1
1	1	98	1
1	1	98	1
1	0	93	1
1	0	93	1
1	0	94	1
1	0	150	0
1	1	181	0
1	0	180	0
1	0	93	1
1	1	93	1
1	0	93	1
1	1	163	0
1	1	93	1
1	1	92	1
1	1	137	0
1	1	92	1
1	1	92	1
1	1	92	1
1	0	138	0
1	0	92	1
1	1	26	1
1	1	86	1
1	0	86	1
1	0	86	1
1	1	86	1
1	1	86	1
1	0	86	1
1	0	98	1
1	0	91	1
1	1	91	1
1	1	91	1
1	0	98	1
1	1	91	1
1	1	91	1
1	1	91	1
1	0	154	0
1	1	188	0
1	0	97	1
1	0	97	1
1	1	97	1
1	1	97	1
1	1	97	1
1	1	94	1
1	1	94	1
1	0	97	1
1	0	97	1
1	1	91	1
1	1	91	1
1	0	91	1
1	0	91	1
1	1	91	1
1	1	94	1
1	1	91	1
1	0	153	0
1	1	91	1
1	1	91	1
1	1	91	1
1	1	91	1
1	1	91	1
1	1	91	1
1	0	91	1
1	1	102	0
1	1	91	1
1	1	91	1
1	1	91	1
1	1	91	1
1	1	91	1
1	0	91	1
1	0	91	1
1	0	166	0
1	1	91	1
1	1	96	1
1	0	96	1
1	1	96	1
1	0	96	1
1	1	96	1
1	1	96	1
1	0	96	1
1	0	96	1
1	0	96	1
1	0	96	1
1	1	96	1
1	1	152	0
1	0	125	0
1	1	91	1
1	1	91	1
1	0	98	1
1	1	98	1
1	1	93	1
1	1	98	1
1	1	98	1
1	1	93	1
1	0	94	1
1	0	94	1
1	0	94	1
1	0	146	0
1	1	91	1
1	1	139	0
1	1	91	1
1	0	91	1
1	1	91	1
1	0	91	1
1	0	91	1
1	1	91	1
1	0	91	1
1	1	91	1
1	1	91	1
1	0	91	1
1	1	91	1
1	0	91	1
1	0	91	1
1	1	91	1
1	1	91	1
1	1	91	1
1	0	91	1
1	0	91	1
1	0	91	1
1	0	91	1
1	0	170	0
1	1	91	1
1	1	164	0
1	1	91	1
1	1	91	1
1	1	91	1
1	1	91	1
1	0	91	1
1	1	91	1
1	0	91	1
1	0	91	1
1	0	91	1
1	1	91	1
1	1	91	1
1	0	91	1
1	1	91	1
1	1	91	1
1	0	91	1
1	0	91	1
1	0	164	0
1	1	162	0
1	0	91	1
1	1	91	1
1	1	91	1
1	0	91	1
1	1	91	1
1	0	91	1
1	0	91	1
1	0	91	1
1	0	91	1
1	0	91	1
1	0	91	1
1	1	91	1
1	1	94	1
1	0	94	1
1	1	94	1
1	1	94	1
1	1	94	1
1	0	91	1
1	1	91	1
1	0	91	1
1	0	91	1
1	1	91	1
1	0	91	1
1	1	91	1
1	0	91	1
1	1	93	1
1	1	93	1
1	0	93	1
1	1	93	1
1	0	94	1
1	0	93	1
1	1	93	1
1	0	94	1
1	0	94	1
1	0	94	1
1	0	93	1
1	0	94	1
1	1	94	1
1	1	94	1
1	0	94	1
1	1	94	1
1	1	94	1
1	1	94	1
1	0	94	1
1	0	94	1
1	1	94	1
1	1	91	1
1	1	91	1
1	0	91	1
1	0	111	0
1	0	111	0
1	1	91	1
1	1	91	1
1	0	111	0
1	1	127	0
1	1	127	0
1	0	207	0
1	1	107	0
1	1	107	0
1	1	145	0
1	0	221	0
1	0	107	0
1	1	145	0
1	1	207	0
1	0	93	1
1	1	102	0
1	1	102	0
1	0	93	1
1	0	101	0
1	0	101	0
1	0	101	0
1	0	101	0
1	0	101	0
1	0	99	1
1	1	99	1
1	0	99	1
