14462	1	0	126	0	0.58
14463	1	0	91	1	0.39
14464	1	1	126	0	0.37
14465	1	0	91	1	0.9
14466	1	0	91	1	0.84
14467	1	0	91	1	0.61
14468	1	1	91	1	0.84
14469	1	1	91	1	0.59
14470	1	1	124	0	0.13
14471	1	0	124	0	0.72
15311	1	1	91	1	0.83
15312	1	0	91	1	0.49
15313	1	0	91	1	0.07
15314	1	0	91	1	0.11
15316	1	0	150	0	0.25
15317	1	1	91	1	0.26
15318	1	0	91	1	1
15319	1	0	91	1	0.91
15321	1	1	228	0	0.01
14472	1	0	91	1	1.36
14473	1	0	91	1	0.86
14474	1	1	91	1	1.58
14475	1	0	91	1	0.97
14476	1	0	91	1	1.18
14477	1	0	91	1	0.94
14478	1	0	91	1	1.1
14479	1	1	91	1	0.64
14480	1	0	91	1	1.52
15322	1	0	91	1	0.3
15323	1	1	91	1	0.85
15324	1	0	91	1	1.3
15325	1	1	91	1	0.44
15326	1	1	91	1	0.67
15327	1	1	91	1	0.89
15328	1	0	139	0	1.23
15329	1	1	91	1	0.69
15330	1	1	91	1	0.28
15331	1	0	91	1	0.88
15332	1	0	91	1	1.1
15333	1	1	195	0	0.17
14486	1	0	123	0	0.69
14487	1	0	91	1	0.68
14488	1	1	123	0	0.83
14489	1	1	94	1	0.45
14490	1	1	94	1	0.52
14491	1	0	91	1	0.67
14492	1	0	94	1	0.33
14493	1	0	94	1	0.76
14494	1	1	94	1	0.38
14495	1	0	94	1	1.35
14496	1	1	95	1	0.3
14497	1	0	91	1	0.48
14498	1	1	95	1	0.852
15283	1	1	91	1	0.91
15284	1	0	91	1	0.6
15285	1	1	91	1	1.09
15286	1	0	145	0	1.52
15287	1	1	146	0	0.18
15288	1	1	91	1	0.93
15289	1	0	91	1	1.18
15290	1	1	91	1	0.76
15291	1	0	91	1	0.64
15292	1	0	91	1	0.73
15293	1	1	91	1	0.53
14499	1	1	123	0	1.16
14500	1	0	94	1	0.42
14501	1	1	95	1	0.615
14502	1	0	95	1	1.67
14503	1	0	123	0	0.84
14504	1	0	95	1	1.59
14505	1	0	95	1	1.82
14506	1	1	95	1	1.34
14507	1	1	95	1	0.219
14508	1	0	95	1	1.54
15675	1	1	91	1	1.25
15676	1	1	91	1	1.87
15677	1	1	217	0	0.26
15678	1	1	91	1	0.45
15679	1	0	195	0	0.55
15680	1	0	98	1	0.6
15681	1	1	183	0	1.35
15683	1	0	133	0	1.3
15684	1	0	98	1	0.99
14509	1	0	91	1	0.35
14510	1	1	95	1	0.46
14511	1	1	95	1	1.12
14512	1	1	95	1	0.4
14513	1	0	91	1	0.04
14514	1	1	95	1	0.85
14515	1	1	123	0	1.14
14516	1	1	95	1	0.52
14517	1	1	95	1	0.57
14518	1	0	123	0	0.93
15334	1	0	93	1	0.48
15335	1	1	93	1	1.54
15336	1	0	143	0	0.96
15337	1	1	93	1	1.03
15338	1	0	93	1	0.39
15339	1	1	93	1	0.32
15340	1	0	93	1	0.96
15341	1	1	93	1	1.1
15342	1	1	93	1	0.42
15343	1	0	93	1	0.51
15344	1	1	93	1	0.84
15345	1	1	142	0	0.36
14519	1	1	123	0	1.98
14520	1	1	95	1	0.6
14521	1	1	95	1	1.2
14522	1	0	123	0	1.23
14523	1	0	91	1	0.97
14524	1	1	98	1	0.45
14525	1	1	98	1	1.77
14526	1	1	98	1	2.09
14527	1	0	98	1	1.02
15369	1	1	92	1	1.04
15370	1	1	92	1	1.04
15371	1	1	92	1	1.2
15373	1	0	92	1	1.67
15374	1	0	92	1	2.03
15375	1	1	142	0	0.54
15376	1	0	173	0	2.49
14546	1	1	120	0	0.92
14547	1	0	92	1	1
14548	1	1	91	1	0.25
14550	1	1	92	1	0.29
14551	1	1	92	1	0.61
14552	1	0	120	0	1.12
14553	1	0	92	1	0.49
14554	1	0	92	1	0.57
15444	1	1	92	1	0.29
15445	1	0	191	0	1
15446	1	0	91	1	0.09
15447	1	1	92	1	0.49
15448	1	1	92	1	0.5
15449	1	1	92	1	0.66
15450	1	0	91	1	0.25
15451	1	1	92	1	0.38
15452	1	1	92	1	0.57
15453	1	1	92	1	0.56
15454	1	1	191	0	1.55
14656	1	0	91	1	0.58
14555	1	0	92	1	0.54
14556	1	0	92	1	1.24
14557	1	0	92	1	0.79
14558	1	0	113	0	0.73
14559	1	0	120	0	0.69
14560	1	1	92	1	0.44
14561	1	1	113	0	0.31
14562	1	1	113	0	0.44
14563	1	0	92	1	1.26
14564	1	1	120	0	0.74
14565	1	0	113	0	0.89
14566	1	0	113	0	0.82
14567	1	1	92	1	0.46
15498	1	0	190	0	0.81
15499	1	1	91	1	0.45
15500	1	1	180	0	0.34
15501	1	0	91	1	1.1
15502	1	0	98	1	0.9
15503	1	0	91	1	0.64
15504	1	1	91	1	0.97
15505	1	0	98	1	0.32
15506	1	0	98	1	0.7
15507	1	1	91	1	0.55
15508	1	1	91	1	1.16
15509	1	0	91	1	0.69
14574	1	1	92	1	0.71
14575	1	1	92	1	1.16
14576	1	1	92	1	0.82
14577	1	1	119	0	3.15
14578	1	0	119	0	1.85
14579	1	0	91	1	0.97
14580	1	0	91	1	0.91
14581	1	1	92	1	1.04
14582	1	1	92	1	1.36
15647	1	1	150	0	1.05
15648	1	0	101	0	2.3
15649	1	0	141	0	1.31
14583	1	1	92	1	0.62
14584	1	0	91	1	0.51
14585	1	1	92	1	0.79
14586	1	1	92	1	0.76
14587	1	1	92	1	0.3
14588	1	1	119	0	1.26
14589	1	1	92	1	0.99
14590	1	0	119	0	0.71
15561	1	0	92	1	0.26
15562	1	0	92	1	0.5
15563	1	0	92	1	0.97
15564	1	0	92	1	0.43
15565	1	0	91	1	0.39
15566	1	1	139	0	0.24
15567	1	1	98	1	0.55
15568	1	0	92	1	0.84
15569	1	0	140	0	0.61
14591	1	0	92	1	0.19
14592	1	0	91	1	0.43
14593	1	0	91	1	0.64
14594	1	1	119	0	0.28
14596	1	0	98	1	0.45
14597	1	0	119	0	0.87
14598	1	0	91	1	0.73
14599	1	0	98	1	1.11
14600	1	1	92	1	0.68
15455	1	0	135	0	0.86
15456	1	1	92	1	0.69
15457	1	1	91	1	0.25
15458	1	1	91	1	0.9
15459	1	0	91	1	0.09
15460	1	1	148	0	0.27
14603	1	0	119	0	0.62
15551	1	0	91	1	0.46
15552	1	0	91	1	0.67
15553	1	1	91	1	0.32
15554	1	0	91	1	0.34
15555	1	0	158	0	0.4
15556	1	0	91	1	0.44
15557	1	0	91	1	0.29
15558	1	0	91	1	0.55
15559	1	1	91	1	0.26
15560	1	1	189	0	0.86
14634	1	0	116	0	0.37
14635	1	1	91	1	0.23
14636	1	0	91	1	0.47
14637	1	1	98	1	0.3
14638	1	1	98	1	0.31
14639	1	1	118	0	0.73
15639	1	0	92	1	1.08
15640	1	0	92	1	1.1
15641	1	1	136	0	0.26
15642	1	1	92	1	0.49
15643	1	0	141	0	1.16
15644	1	0	92	1	0.52
15645	1	1	92	1	0.52
15646	1	1	92	1	0.31
14657	1	0	91	1	0.47
14658	1	1	91	1	0.46
14659	1	0	112	0	0.9
14660	1	1	91	1	0.66
14661	1	0	91	1	0.91
14662	1	0	91	1	0.44
14663	1	1	91	1	0.33
14664	1	1	114	0	0.29
14665	1	0	91	1	0.8
14666	1	1	91	1	0.73
15695	1	0	91	1	0.66
15696	1	0	91	1	1.31
15697	1	1	91	1	1.12
15698	1	1	91	1	1.06
15699	1	1	91	1	0.31
15700	1	0	91	1	0.85
15701	1	1	141	0	0.12
15702	1	1	91	1	0.87
15703	1	0	194	0	1.6
14671	1	1	113	0	0.22
14672	1	1	91	1	0.43
14673	1	1	91	1	0.88
14674	1	0	98	1	0.77
14676	1	1	91	1	0.38
14677	1	0	107	0	0.62
14678	1	1	91	1	0.87
14679	1	1	91	1	0.43
15802	1	1	148	0	0.19
15803	1	0	91	1	0.69
15804	1	0	91	1	0.18
15805	1	0	91	1	0.9
15806	1	0	91	1	0.6
15807	1	1	91	1	0.6
15808	1	0	154	0	2.57
15809	1	0	91	1	0.5
15810	1	0	91	1	1.02
15811	1	0	91	1	0.43
14682	1	0	91	1	0.54
14683	1	0	91	1	0.54
14684	1	0	91	1	0.84
14685	1	1	105	0	0.88
14686	1	1	105	0	0.38
14687	1	0	110	0	0.34
14688	1	0	91	1	0.7
14689	1	1	112	0	0.22
14690	1	1	105	0	0.34
14691	1	0	91	1	0.91
15756	1	0	185	0	1.11
15757	1	0	92	1	1.81
15758	1	0	92	1	0.7
15759	1	1	137	0	0.21
15760	1	1	92	1	0.51
15761	1	0	92	1	0.6
15762	1	1	92	1	1.67
14692	1	0	91	1	0.94
14693	1	0	91	1	2.26
14694	1	1	112	0	0.241
14695	1	0	91	1	0.87
14696	1	0	112	0	0.64
14697	1	1	91	1	1.49
14698	1	0	105	0	1.33
15717	1	1	91	1	1.85
15718	1	1	91	1	1.26
15719	1	1	91	1	1.14
15720	1	1	174	0	0.37
15721	1	0	181	0	0.22
15722	1	1	91	1	1.42
15723	1	1	91	1	0.73
15724	1	1	91	1	0.84
15725	1	0	105	0	1.79
14702	1	0	91	1	1.04
14703	1	0	111	0	0.79
14704	1	1	111	0	0.97
14705	1	0	91	1	0.52
14706	1	0	91	1	0.6
14707	1	1	91	1	0.58
14708	1	0	119	0	1.38
14709	1	0	91	1	1.01
14710	1	1	91	1	0.48
14711	1	0	119	0	1.22
14712	1	0	119	0	0.58
15763	1	0	92	1	1.71
15764	1	1	92	1	0.53
15765	1	0	92	1	0.75
15766	1	0	92	1	0.8
15767	1	1	137	0	0.45
15768	1	0	157	0	2.05
15769	1	0	92	1	0.85
15770	1	1	92	1	1.04
14715	1	1	91	1	0.37
14716	1	0	107	0	0.31
14717	1	1	91	1	0.65
14718	1	1	91	1	0.29
14719	1	1	91	1	0.57
14720	1	1	91	1	0.36
14721	1	1	91	1	0.41
14722	1	1	91	1	0.52
14723	1	0	91	1	0.79
14724	1	1	91	1	0.22
14725	1	0	91	1	0.45
14726	1	1	107	0	0.16
14727	1	0	91	1	0.54
15812	1	0	176	0	0.5
15813	1	1	91	1	0.06
15814	1	1	91	1	0.52
15815	1	1	134	0	0.07
15816	1	1	91	1	0.18
15817	1	1	91	1	0.12
15818	1	1	91	1	0.53
15819	1	0	91	1	0.66
15820	1	1	91	1	0.57
15821	1	1	91	1	0.69
15822	1	1	91	1	0.36
15823	1	1	91	1	0.16
14728	1	1	106	0	0.23
14729	1	1	91	1	0.7
14730	1	1	91	1	0.44
14731	1	0	91	1	0.41
14732	1	1	91	1	0.31
14733	1	0	91	1	1.04
14734	1	0	91	1	0.99
14735	1	0	91	1	0.56
14736	1	0	106	0	0.88
14737	1	0	91	1	0.64
16932	1	1	91	1	0.73
16933	1	0	91	1	1.66
16935	1	1	91	1	0.43
16936	1	0	91	1	0.5
16937	1	1	91	1	0.51
14752	1	1	99	1	0.8
14753	1	1	99	1	1.27
14754	1	1	98	1	1.42
14755	1	1	99	1	1.05
14756	1	1	105	0	0.87
14757	1	1	99	1	1.52
14758	1	0	105	0	0.99
15957	1	1	162	0	0.39
15958	1	0	91	1	0.68
15959	1	1	91	1	0.49
15960	1	0	137	0	1.18
15961	1	0	91	1	1.23
15962	1	0	91	1	0.56
15963	1	1	91	1	0.78
15964	1	1	91	1	0.71
15965	1	1	91	1	0.52
15966	1	1	91	1	0.6
15967	1	0	91	1	1.06
14766	1	0	92	1	0.95
14767	1	0	100	0	0.51
14768	1	0	92	1	1.42
14769	1	1	100	0	1.25
14770	1	1	92	1	0.58
14771	1	1	92	1	0.09
14772	1	0	92	1	1.01
14773	1	0	92	1	1.18
14774	1	1	92	1	0.67
14775	1	1	92	1	1.31
14776	1	0	92	1	1.64
14777	1	1	92	1	1.16
14778	1	1	92	1	0.9
14779	1	0	100	0	0.73
14780	1	1	92	1	0.51
14781	1	1	100	0	0.89
15953	1	1	171	0	1.26
15954	1	1	91	1	0.53
15955	1	1	91	1	0.89
15956	1	0	162	0	0.39
14782	1	1	100	0	0.31
14783	1	0	92	1	0.57
14784	1	1	92	1	0.75
14785	1	0	92	1	0.52
14786	1	1	92	1	1.45
14787	1	0	100	0	0.4
14788	1	0	92	1	0.61
14789	1	1	92	1	0.96
14790	1	0	92	1	0.86
14791	1	0	98	1	1
15994	1	0	149	0	1.14
15995	1	1	91	1	0.78
15996	1	1	91	1	0.49
15997	1	0	91	1	0.53
15998	1	1	169	0	1.96
14808	1	0	99	1	0.95
14809	1	0	92	1	0.65
14810	1	0	92	1	0.72
14811	1	0	92	1	0.54
14812	1	1	99	1	1
14813	1	1	92	1	0.51
14814	1	0	92	1	1.37
16007	1	1	91	1	0.49
16008	1	1	91	1	0.1
16009	1	0	91	1	0.52
16010	1	1	91	1	0.26
16011	1	0	91	1	0.46
16012	1	0	137	0	1.2
16013	1	0	91	1	0.48
16014	1	1	168	0	0.47
16015	1	0	91	1	0.57
14815	1	0	92	1	1.46
14816	1	1	99	1	1.27
14817	1	1	92	1	1.21
14818	1	1	92	1	1.16
14819	1	0	92	1	1.75
14820	1	1	92	1	1.16
14821	1	1	92	1	1.03
14822	1	1	92	1	1.75
14823	1	0	99	1	0.98
14824	1	1	92	1	0.63
16061	1	0	91	1	1.71
16062	1	1	147	0	0.44
16063	1	0	91	1	1.72
16064	1	0	91	1	1.36
16065	1	1	91	1	1.13
16066	1	0	173	0	0.61
16067	1	0	91	1	1.36
16068	1	1	91	1	1.02
16069	1	1	91	1	0.66
16070	1	0	91	1	1.17
14825	1	0	92	1	0.7
14826	1	1	92	1	1.03
14827	1	1	92	1	0.32
14828	1	0	92	1	0.96
14829	1	0	92	1	0.78
14830	1	1	92	1	0.28
14831	1	1	99	1	0.17
14832	1	1	92	1	0.28
14833	1	0	92	1	0.73
14834	1	0	100	0	0.6
14835	1	0	92	1	0.77
14836	1	0	92	1	0.51
14837	1	1	92	1	0.34
14852	1	1	98	1	1.09
14853	1	0	99	1	0.6
14854	1	1	93	1	1.03
14855	1	1	93	1	0.95
14856	1	1	98	1	1.35
14857	1	1	93	1	1.17
14858	1	0	93	1	1.03
16094	1	0	93	1	2.12
16095	1	1	93	1	1.18
16096	1	1	138	0	0.34
16097	1	0	93	1	1.58
16098	1	0	93	1	1.87
16099	1	0	93	1	1.35
16100	1	0	93	1	1.83
16101	1	0	137	0	1.9
14859	1	1	98	1	0.36
14860	1	0	99	1	0.43
14861	1	0	99	1	0.77
14862	1	0	93	1	1.32
14863	1	0	93	1	1.46
14864	1	0	93	1	1.78
14865	1	0	93	1	1.51
14866	1	0	99	1	0.63
14867	1	1	98	1	1.16
16332	1	0	93	1	0.09
16333	1	0	93	1	0.69
16334	1	1	93	1	0.66
16335	1	1	93	1	0.66
16336	1	0	93	1	0.61
16337	1	1	93	1	0.36
16338	1	1	93	1	0.65
16339	1	0	93	1	1.23
16340	1	1	93	1	0.61
16341	1	1	93	1	0.58
14893	1	1	97	1	1.18
14894	1	0	91	1	2.23
14895	1	1	92	1	1.02
14896	1	0	98	1	0.83
14897	1	1	92	1	1.42
16248	1	1	91	1	1.19
16249	1	1	91	1	0.54
16250	1	0	98	1	1.83
16251	1	1	91	1	1.01
16252	1	1	91	1	1.13
16253	1	0	98	1	1.14
14898	1	0	98	1	0.64
14899	1	0	91	1	0.8
14900	1	0	91	1	0.66
14901	1	0	91	1	0.89
14902	1	0	91	1	0.4
14903	1	1	92	1	0.15
14904	1	1	97	1	0.37
14905	1	0	91	1	0.26
14906	1	0	91	1	1.41
14907	1	0	91	1	1.2
14908	1	1	91	1	0.31
14909	1	1	92	1	0.58
14910	1	1	92	1	0.45
16181	1	1	91	1	1.34
16182	1	0	162	0	0.14
16183	1	0	91	1	1.92
16184	1	0	91	1	0.53
16185	1	0	91	1	1.3
16186	1	0	91	1	1.01
16187	1	0	91	1	1.55
16189	1	1	163	0	0.16
16190	1	0	91	1	1.85
16191	1	0	91	1	0.84
16192	1	0	91	1	1.35
14911	1	1	92	1	0.24
14912	1	1	91	1	0.19
14913	1	0	95	1	0.73
14914	1	1	92	1	0.88
14915	1	1	91	1	0.22
14916	1	0	92	1	0.39
14917	1	1	95	1	0.21
14918	1	0	92	1	0.38
14919	1	0	92	1	0.51
14920	1	0	92	1	0.44
14921	1	0	91	1	0.48
14922	1	0	91	1	0.32
16054	1	0	91	1	1.08
16055	1	0	91	1	0.47
16056	1	1	91	1	1.45
16057	1	1	91	1	1.14
16058	1	1	136	0	0.43
16059	1	0	91	1	0.78
16060	1	0	173	0	1.25
14923	1	1	92	1	0.45
14924	1	0	95	1	0.55
14925	1	0	92	1	1.12
14926	1	1	95	1	1.1
14927	1	1	92	1	0.78
14928	1	1	98	1	0.73
14929	1	1	98	1	0.61
16159	1	0	143	0	0.54
16160	1	0	91	1	0.8
16161	1	0	91	1	0.98
16162	1	1	91	1	0.13
16163	1	1	91	1	0.21
16164	1	1	135	0	0.13
16165	1	0	91	1	0.73
16166	1	0	91	1	0.8
16167	1	0	91	1	0.59
16168	1	0	91	1	0.45
14930	1	0	98	1	1.58
14931	1	1	95	1	0.92
14932	1	0	92	1	0.68
14933	1	0	92	1	0.29
14934	1	0	92	1	0.73
14935	1	0	92	1	0.77
14936	1	0	95	1	0.58
16102	1	1	93	1	0.15
16103	1	0	93	1	0.62
16104	1	0	93	1	0.46
16105	1	0	93	1	0.71
16106	1	0	93	1	0.83
16107	1	1	171	0	0.2
16108	1	1	93	1	0.17
16109	1	0	142	0	0.54
16110	1	0	93	1	0.39
16111	1	1	93	1	0.13
16112	1	0	93	1	0.66
16113	1	0	93	1	0.56
15059	1	0	91	1	0.57
15060	1	1	91	1	0.41
15061	1	1	91	1	0.48
15062	1	1	91	1	0.47
15063	1	0	91	1	0.81
15064	1	0	91	1	1.09
15065	1	1	91	1	0.43
15066	1	0	91	1	0.97
16193	1	0	91	1	0.99
16194	1	1	153	0	0.24
16195	1	1	91	1	0.6
16196	1	1	91	1	0.78
16197	1	0	134	0	0.53
16198	1	0	91	1	0.72
16199	1	0	91	1	1
16200	1	1	91	1	0.69
16201	1	1	91	1	0.74
16202	1	1	91	1	0.63
16203	1	0	91	1	0.93
15087	1	1	91	1	0.48
15088	1	0	91	1	1.15
15089	1	0	91	1	0.95
15090	1	0	91	1	1.35
15091	1	0	91	1	0.54
15092	1	0	91	1	0.83
15093	1	1	91	1	0.38
15094	1	0	91	1	1.1
15095	1	0	91	1	0.95
15127	1	1	91	1	0.47
15128	1	1	91	1	0.48
15129	1	1	91	1	0.53
15130	1	0	92	1	1.14
15131	1	0	91	1	0.55
15132	1	0	92	1	0.65
15133	1	0	91	1	0.45
15134	1	1	91	1	0.83
15151	1	0	153	0	1.19
15152	1	0	91	1	0.47
15154	1	0	91	1	0.59
15156	1	1	91	1	0.37
15157	1	1	92	1	0.3
15158	1	1	92	1	0.24
15159	1	0	91	1	0.55
15160	1	0	91	1	0.45
15161	1	1	92	1	0.38
15162	1	1	153	0	0.83
15163	1	1	92	1	0.44
16204	1	1	137	0	0.14
16205	1	1	91	1	0.41
16206	1	1	91	1	0.55
16207	1	0	91	1	0.66
16208	1	0	144	0	0.43
16209	1	1	91	1	0.33
16210	1	0	91	1	1.03
15205	1	1	91	1	0.47
15206	1	0	91	1	0.96
15207	1	0	91	1	1.11
15208	1	0	91	1	1.23
15209	1	1	91	1	1.1
15210	1	1	91	1	0.6
15211	1	1	142	0	0.12
15212	1	0	149	0	0.9
15213	1	0	91	1	1.31
16709	1	1	86	1	0.62
16710	1	1	86	1	0.17
16711	1	1	86	1	0.26
16712	1	1	86	1	0.52
16713	1	1	86	1	0.38
16714	1	0	86	1	0.97
16715	1	0	86	1	0.96
15232	1	0	148	0	1.65
15233	1	0	92	1	1.82
15234	1	0	148	0	1.43
15235	1	1	139	0	0.27
15236	1	1	91	1	0.98
15237	1	0	91	1	0.42
15238	1	0	91	1	0.88
15239	1	0	91	1	1.04
15240	1	0	91	1	0.79
15241	1	0	190	0	1.56
15242	1	1	91	1	1.04
16241	1	1	91	1	0.7
16242	1	1	91	1	0.56
16243	1	1	91	1	0.77
16244	1	1	91	1	0.85
16245	1	1	91	1	0.75
16246	1	0	98	1	0.83
16247	1	0	98	1	1.24
15243	1	0	147	0	1.02
15244	1	0	91	1	0.88
15245	1	1	140	0	0.15
15246	1	0	91	1	1.76
15247	1	1	91	1	0.92
15248	1	1	91	1	1
16454	1	1	107	0	1.2
16455	1	0	91	1	1.05
16456	1	1	91	1	0.81
16457	1	0	91	1	0.89
16458	1	0	91	1	0.74
16459	1	1	91	1	0.71
16460	1	1	91	1	0.6
16461	1	1	91	1	0.8
16462	1	0	91	1	0.91
16463	1	0	91	1	0.77
16464	1	0	91	1	0.77
16465	1	0	91	1	1.02
15294	1	1	91	1	0.29
15295	1	0	91	1	0.7
15296	1	1	91	1	0.34
15297	1	1	91	1	0.37
15299	1	1	101	0	0.18
15300	1	1	91	1	0.65
15301	1	1	91	1	0.55
15302	1	1	91	1	0.93
15303	1	0	178	0	0.3
16285	1	0	94	1	0.79
16286	1	0	94	1	0.8
16287	1	1	94	1	0.41
16288	1	1	94	1	0.84
16289	1	0	94	1	0.56
16290	1	0	94	1	0.58
16291	1	0	94	1	0.36
16292	1	1	94	1	0.26
16293	1	0	94	1	0.37
16294	1	0	94	1	0.82
15304	1	0	91	1	0.95
15305	1	1	95	1	0.12
15306	1	1	91	1	1.22
15307	1	1	91	1	0.36
15308	1	0	144	0	0.54
15309	1	1	91	1	0.6
15310	1	0	91	1	0.37
16295	1	0	94	1	0.86
16296	1	1	94	1	0.37
16297	1	1	94	1	0.21
16298	1	1	94	1	0.61
16299	1	1	94	1	0.4
16300	1	1	94	1	0.2
16302	1	0	114	0	0.55
16303	1	0	114	0	0.39
16304	1	1	94	1	0.28
16305	1	1	94	1	0.14
16306	1	0	114	0	0.79
16307	1	1	94	1	0.13
16308	1	0	94	1	0.63
15351	1	1	116	0	0.76
15352	1	0	142	0	0.64
15353	1	0	92	1	0.58
15354	1	0	92	1	1.18
15355	1	0	92	1	0.68
15356	1	0	92	1	0.85
15357	1	0	92	1	0.8
15358	1	0	92	1	1.05
16396	1	0	91	1	0.37
16397	1	0	91	1	1.3
16398	1	0	91	1	0.77
16399	1	0	91	1	1.64
16400	1	1	91	1	0.62
16401	1	1	91	1	0.43
15359	1	0	92	1	0.66
15360	1	0	92	1	0.63
15361	1	0	92	1	0.5
15362	1	0	92	1	0.66
15363	1	0	92	1	0.71
15364	1	1	136	0	0.15
15365	1	0	92	1	1.13
15366	1	0	92	1	0.73
15367	1	0	148	0	0.64
15368	1	0	92	1	0.73
16384	1	1	92	1	0.32
16386	1	1	92	1	0.3
16388	1	1	92	1	0.24
16389	1	1	92	1	0.32
16390	1	1	100	0	0.29
16391	1	0	100	0	0.73
16392	1	1	100	0	0.29
16393	1	1	92	1	0.3
16394	1	0	96	1	0.83
16395	1	0	96	1	0.44
15383	1	1	92	1	0.34
15384	1	0	192	0	1
15385	1	1	91	1	0.76
15386	1	0	92	1	1.78
15387	1	0	92	1	0.98
15388	1	1	99	1	0.05
15389	1	0	92	1	1.39
15390	1	1	92	1	0.43
15391	1	1	169	0	0.17
15392	1	1	92	1	0.68
15393	1	0	92	1	0.44
15394	1	1	92	1	0.61
15395	1	0	92	1	0.95
15396	1	0	136	0	0.58
15397	1	0	92	1	1.12
15398	1	0	92	1	0.52
15399	1	1	92	1	0.39
15400	1	0	92	1	0.62
16680	1	1	91	1	1.02
16681	1	1	100	0	0.37
16682	1	1	91	1	0.52
16683	1	0	99	1	0.87
16684	1	1	91	1	0.46
16685	1	1	100	0	0.76
16686	1	0	99	1	0.81
16687	1	1	100	0	1.27
15401	1	1	92	1	0.97
15402	1	0	92	1	1.19
15403	1	0	92	1	1.1
15404	1	1	175	0	0.16
15406	1	0	92	1	0.79
15407	1	0	183	0	0.46
15408	1	1	92	1	0.52
16369	1	1	91	1	0.69
16370	1	1	91	1	1.34
16371	1	1	91	1	0.84
16372	1	0	91	1	1.67
16373	1	0	91	1	2.12
16374	1	0	91	1	0.78
16375	1	1	94	1	0.24
16376	1	1	94	1	0.26
15409	1	0	92	1	0.39
15410	1	1	96	1	0.06
15411	1	1	92	1	0.52
15412	1	0	192	0	0.41
15413	1	0	92	1	0.69
15414	1	0	92	1	0.94
15415	1	1	92	1	0.45
16309	1	1	93	1	0.76
16310	1	1	93	1	0.36
16311	1	1	93	1	0.34
16312	1	1	93	1	0.35
16313	1	0	94	1	1.34
16314	1	0	94	1	0.47
16315	1	0	94	1	1.33
16316	1	0	94	1	1.1
16317	1	0	94	1	0.91
15416	1	1	92	1	0.64
15417	1	1	92	1	0.49
15418	1	1	92	1	0.74
15419	1	1	92	1	0.41
15420	1	1	92	1	0.52
15421	1	1	92	1	0.24
15422	1	1	92	1	0.45
15423	1	0	151	0	1.03
15424	1	1	91	1	0.06
15425	1	1	142	0	0.48
15426	1	1	135	0	0.09
15427	1	1	91	1	0.33
16377	1	1	94	1	0.44
16378	1	0	113	0	0.89
16379	1	1	94	1	0.38
16380	1	1	105	0	0.52
16381	1	0	91	1	1.19
16382	1	0	113	0	0.65
16383	1	1	105	0	0.44
15472	1	0	140	0	1.28
15473	1	0	91	1	0.4
15474	1	1	91	1	0.23
15475	1	0	91	1	0.45
15476	1	0	91	1	0.64
15477	1	1	91	1	0.09
15478	1	0	91	1	0.71
15479	1	1	91	1	0.54
15480	1	1	91	1	0.49
15481	1	1	91	1	0.53
15483	1	0	91	1	0.52
15484	1	1	91	1	0.3
15485	1	1	105	0	0.52
15486	1	0	91	1	0.95
16667	1	1	91	1	0.43
16668	1	1	99	1	0.31
16669	1	0	99	1	1.28
16670	1	1	99	1	0.3
16671	1	1	99	1	0.54
16672	1	0	99	1	0.69
16673	1	0	99	1	0.9
16674	1	0	99	1	0.88
16675	1	1	100	0	0.37
16676	1	0	99	1	0.71
16677	1	1	99	1	0.24
16678	1	1	99	1	0.9
16679	1	1	100	0	1.05
15487	1	0	91	1	0.73
15488	1	1	196	0	0.17
15489	1	1	91	1	0.64
15490	1	0	91	1	0.86
15491	1	0	91	1	0.75
15492	1	0	167	0	1.06
15493	1	0	91	1	0.69
15494	1	0	91	1	0.75
15495	1	0	91	1	0.86
15496	1	1	91	1	0.7
15497	1	1	91	1	0.87
16500	1	0	91	1	1
16501	1	1	104	0	0.34
16502	1	1	104	0	1.03
16503	1	0	91	1	0.87
16504	1	1	104	0	1.09
16505	1	1	104	0	0.29
16506	1	0	91	1	1.07
15524	1	1	113	0	0.12
15525	1	1	91	1	0.22
15526	1	0	139	0	0.98
15527	1	0	91	1	0.83
15528	1	1	91	1	0.19
15529	1	1	91	1	0.23
15530	1	1	91	1	0.54
15531	1	1	91	1	0.39
15532	1	0	91	1	0.83
16437	1	1	94	1	0.93
16438	1	1	94	1	0.87
16439	1	0	95	1	0.47
16440	1	0	95	1	0.73
16441	1	0	95	1	0.84
16442	1	0	95	1	0.35
16443	1	1	94	1	0.51
15533	1	0	91	1	0.42
15534	1	1	139	0	0.17
15535	1	0	91	1	1.26
15536	1	0	91	1	0.43
15537	1	1	91	1	0.62
15539	1	1	91	1	0.32
15540	1	0	91	1	0.62
15541	1	0	91	1	0.72
15542	1	1	91	1	0.49
16410	1	1	91	1	0.49
16411	1	1	91	1	0.48
16412	1	1	91	1	0.32
16413	1	1	91	1	1.04
16414	1	1	91	1	0.22
16415	1	1	91	1	0.19
16416	1	0	91	1	1.13
16417	1	1	91	1	0.51
16418	1	0	91	1	0.76
16419	1	0	91	1	0.73
16420	1	1	91	1	0.24
15543	1	0	180	0	0.48
15544	1	1	91	1	0.48
15545	1	0	91	1	0.95
15546	1	1	158	0	0.27
15547	1	1	91	1	0.61
15548	1	0	91	1	0.86
15549	1	1	91	1	0.31
15550	1	1	91	1	0.15
16444	1	0	95	1	1.03
16445	1	1	106	0	0.19
16446	1	1	94	1	0.46
16447	1	0	95	1	0.74
16448	1	0	95	1	0.98
16449	1	0	95	1	0.63
16450	1	1	106	0	0.68
16451	1	1	106	0	0.6
16452	1	0	95	1	1.21
16453	1	0	95	1	0.48
15571	1	1	91	1	0.09
15572	1	1	188	0	0.13
15573	1	1	91	1	0.28
15574	1	1	98	1	0.32
15575	1	0	143	0	1.35
15577	1	0	98	1	0.3
15578	1	0	264	0	2.12
15594	1	0	142	0	1.25
15595	1	0	93	1	0.86
15597	1	0	93	1	1.42
15598	1	1	93	1	0.74
15599	1	0	93	1	0.99
15600	1	0	93	1	0.67
15601	1	1	93	1	0.79
15602	1	1	93	1	0.89
15603	1	1	153	0	0.03
15604	1	0	93	1	1.13
16507	1	0	91	1	1.03
16508	1	1	96	1	0.61
16509	1	1	96	1	0.64
16510	1	0	91	1	0.66
16511	1	0	96	1	0.84
16512	1	0	96	1	0.75
16513	1	1	104	0	0.77
16514	1	1	96	1	0.71
16515	1	1	104	0	0.55
16516	1	0	96	1	0.8
16517	1	1	96	1	0.79
16518	1	0	96	1	0.63
16519	1	0	96	1	0.7
16520	1	1	96	1	0.46
16521	1	1	96	1	0.48
16522	1	1	96	1	0.21
15538	1	0	148	0	0.79
15605	1	1	93	1	0.35
15606	1	0	93	1	0.6
15607	1	1	93	1	0.61
15608	1	1	146	0	0.32
15609	1	0	93	1	0.69
15610	1	1	93	1	0.59
15611	1	0	93	1	0.52
15612	1	0	146	0	0.52
15613	1	1	93	1	0.16
16523	1	0	96	1	0.56
16524	1	1	91	1	0.19
16525	1	1	96	1	0.27
16526	1	0	96	1	0.94
16527	1	1	96	1	0.37
16528	1	0	96	1	0.82
16529	1	0	96	1	0.69
16530	1	1	91	1	0.11
16531	1	0	96	1	0.89
16532	1	1	96	1	0.41
16533	1	1	91	1	1.3
16470	1	0	87	1	0.76
15614	1	0	93	1	0.33
15615	1	0	93	1	1.5
15616	1	0	153	0	0.76
15617	1	0	93	1	0.36
15618	1	1	93	1	1.06
15619	1	1	93	1	0.82
15620	1	1	93	1	0.74
15621	1	0	93	1	0.44
15622	1	1	98	1	0.16
15623	1	1	93	1	0.77
15624	1	0	93	1	1.22
16578	1	1	93	1	0.76
16579	1	1	102	0	0.6
16581	1	1	93	1	0.44
16582	1	1	93	1	0.32
16584	1	0	93	1	1.32
16585	1	1	93	1	1.01
16586	1	1	102	0	0.82
16587	1	1	93	1	0.51
16588	1	0	102	0	0.87
16589	1	0	102	0	1.93
15625	1	0	138	0	0.65
15626	1	0	93	1	1.38
15627	1	1	142	0	0.11
15628	1	1	93	1	0.82
15629	1	1	93	1	0.54
15630	1	1	93	1	0.81
15631	1	0	93	1	0.58
15632	1	1	93	1	0.99
15638	1	1	92	1	1.14
16466	1	0	91	1	0.64
16467	1	0	91	1	0.4
16468	1	0	91	1	0.85
16469	1	0	91	1	0.42
16471	1	0	91	1	0.9
16472	1	0	91	1	0.51
16473	1	1	107	0	0.78
16474	1	0	91	1	0.97
16475	1	1	107	0	0.79
15650	1	1	120	0	0.15
15651	1	1	91	1	1.81
15652	1	0	163	0	1.69
15653	1	1	91	1	2.08
16496	1	1	104	0	2.44
16497	1	1	104	0	0.79
16498	1	0	91	1	1.5
16499	1	0	91	1	1.44
15670	1	1	133	0	1.54
15671	1	1	167	0	0.41
15672	1	1	91	1	0.78
15673	1	0	160	0	1.76
15674	1	1	91	1	3.45
16569	1	0	102	0	2.18
16570	1	0	93	1	1.21
16571	1	1	102	0	1.36
16572	1	1	102	0	1.29
16573	1	0	102	0	1.56
16574	1	1	102	0	2.02
16575	1	0	93	1	1.75
16576	1	0	102	0	2.25
16577	1	1	102	0	0.67
15686	1	1	91	1	0.37
15687	1	0	137	0	2.25
15688	1	0	91	1	1.78
15689	1	1	141	0	0.26
15690	1	0	91	1	0.88
15691	1	1	91	1	0.48
15692	1	0	91	1	0.47
15693	1	1	91	1	0.26
15694	1	1	91	1	0.7
16555	1	1	104	0	1.11
16556	1	1	104	0	0.43
16557	1	1	104	0	0.64
16558	1	0	104	0	0.99
16559	1	0	104	0	0.59
16560	1	1	104	0	0.53
16561	1	1	101	0	0.27
16562	1	1	101	0	0.32
16563	1	1	104	0	1.67
16564	1	1	104	0	0.39
15704	1	0	91	1	0.3
15705	1	1	91	1	0.79
15706	1	0	98	1	0.8
15707	1	0	98	1	0.55
15708	1	1	91	1	0.36
15709	1	1	91	1	0.25
15710	1	0	172	0	0.39
15711	1	1	98	1	0.33
15712	1	1	144	0	0.2
15713	1	0	98	1	0.58
15714	1	1	98	1	0.24
16790	1	1	98	1	0.89
16791	1	0	93	1	0.33
16792	1	0	93	1	0.56
16793	1	0	94	1	1.16
15715	1	0	150	0	1.56
15716	1	1	181	0	2.09
15738	1	0	180	0	0.33
15739	1	0	93	1	0.49
15740	1	1	93	1	0.03
15741	1	0	93	1	0.51
15742	1	1	163	0	0.21
15743	1	1	93	1	0.19
15749	1	1	92	1	0.5
15750	1	1	137	0	0.37
15751	1	1	92	1	0.25
15752	1	1	92	1	0.37
15753	1	1	92	1	0.51
15754	1	0	138	0	1.01
15755	1	0	92	1	0.84
16716	1	1	26	1	0.04
16717	1	1	86	1	0.01
16718	1	0	86	1	0.91
16719	1	0	86	1	0.946
16720	1	1	86	1	0.912
16721	1	1	86	1	0.64
16722	1	0	86	1	0.46
15824	1	0	98	1	0.95
15825	1	0	91	1	0.59
15826	1	1	91	1	0.51
15827	1	1	91	1	0.53
15828	1	0	98	1	0.43
15829	1	1	91	1	0.49
15830	1	1	91	1	0.69
15831	1	1	91	1	0.41
15832	1	0	154	0	0.9
15833	1	1	188	0	0.11
16746	1	0	97	1	1.33
16747	1	0	97	1	0.76
16748	1	1	97	1	0.49
16749	1	1	97	1	0.57
16750	1	1	97	1	0.7
16751	1	1	94	1	0.77
16752	1	1	94	1	0.3
16753	1	0	97	1	0.63
16754	1	0	97	1	1.53
15847	1	1	91	1	0.36
15848	1	1	91	1	0.39
15849	1	0	91	1	0.7
15850	1	0	91	1	0.64
15851	1	1	91	1	0.8
15852	1	1	94	1	0.19
15853	1	1	91	1	0.21
15854	1	0	153	0	0.97
15855	1	1	91	1	0.29
15856	1	1	91	1	0.32
16882	1	1	91	1	0.29
16883	1	1	91	1	0.74
16884	1	1	91	1	0.68
16885	1	1	91	1	0.31
16886	1	0	91	1	0.6
15857	1	1	102	0	0.04
15858	1	1	91	1	0.24
15859	1	1	91	1	0.38
15860	1	1	91	1	0.51
15861	1	1	91	1	0.26
15862	1	1	91	1	0.35
15863	1	0	91	1	1.44
15864	1	0	91	1	1.59
15865	1	0	166	0	0.82
15866	1	1	91	1	0.37
16769	1	1	96	1	0.8
16770	1	0	96	1	0.7
16771	1	1	96	1	0.55
16772	1	0	96	1	1.17
16773	1	1	96	1	0.47
16774	1	1	96	1	0.51
16775	1	0	96	1	0.67
16776	1	0	96	1	0.79
16777	1	0	96	1	0.74
16778	1	0	96	1	0.82
16779	1	1	96	1	1.21
15867	1	1	152	0	0.18
15868	1	0	125	0	0.56
15869	1	1	91	1	0.82
15871	1	1	91	1	0.94
15872	1	0	98	1	0.78
15873	1	1	98	1	0.61
16783	1	1	93	1	0.69
16784	1	1	98	1	1.35
16785	1	1	98	1	0.53
16786	1	1	93	1	0.51
16787	1	0	94	1	1.23
16788	1	0	94	1	1.08
16789	1	0	94	1	0.47
15986	1	0	146	0	1.54
15987	1	1	91	1	1.19
15988	1	1	139	0	0.26
15989	1	1	91	1	0.83
15990	1	0	91	1	0.94
15991	1	1	91	1	1.41
15992	1	0	91	1	1.28
15993	1	0	91	1	1.5
16850	1	1	91	1	0.63
16851	1	0	91	1	1.8
16852	1	1	91	1	2.56
16853	1	1	91	1	2.5
16854	1	0	91	1	0.7
16855	1	1	91	1	1.65
16856	1	0	91	1	2.54
16857	1	0	91	1	1.67
16137	1	1	91	1	0.37
16138	1	1	91	1	0.28
16139	1	1	91	1	0.47
16140	1	0	91	1	0.82
16141	1	0	91	1	0.41
16142	1	0	91	1	1.48
16143	1	0	91	1	0.79
16144	1	0	170	0	1.23
16145	1	1	91	1	0.49
16146	1	1	164	0	0.4
16147	1	1	91	1	0.24
17215	1	1	91	1	0.24
17216	1	1	91	1	0.53
17217	1	1	91	1	0.24
17218	1	0	91	1	0.78
17219	1	1	91	1	0.17
17220	1	0	91	1	0.69
17221	1	0	91	1	0.59
17222	1	0	91	1	0.42
17223	1	1	91	1	0.22
17224	1	1	91	1	0.42
17225	1	0	91	1	0.42
17226	1	1	91	1	0.55
17227	1	1	91	1	0.47
16148	1	0	91	1	0.91
16149	1	0	91	1	0.92
16150	1	0	164	0	0.93
16151	1	1	162	0	0.43
16152	1	0	91	1	0.78
16153	1	1	91	1	0.64
16154	1	1	91	1	0.31
16155	1	0	91	1	0.8
16261	1	1	91	1	0.93
16262	1	0	91	1	0.86
16263	1	0	91	1	1.02
16264	1	0	91	1	0.59
16265	1	0	91	1	1.1
16266	1	0	91	1	0.78
16267	1	0	91	1	0.67
16268	1	1	91	1	1.21
16280	1	1	94	1	0.33
16281	1	0	94	1	0.52
16282	1	1	94	1	0.39
16283	1	1	94	1	0.55
16284	1	1	94	1	0.75
17207	1	0	91	1	0.66
17208	1	1	91	1	0.68
17209	1	0	91	1	0.55
17210	1	0	91	1	1.05
17211	1	1	91	1	0.54
17212	1	0	91	1	1.07
17213	1	1	91	1	0.75
17214	1	0	91	1	0.66
16342	1	1	93	1	0.94
16343	1	1	93	1	1.46
16344	1	0	93	1	1
16345	1	1	93	1	0.96
16346	1	0	94	1	0.63
16347	1	0	93	1	1.69
16348	1	1	93	1	0.78
16349	1	0	94	1	1.4
16350	1	0	94	1	0.63
16351	1	0	94	1	1.05
16352	1	0	93	1	0.81
16353	1	0	94	1	0.6
16354	1	1	94	1	0.83
16355	1	1	94	1	0.18
16356	1	0	94	1	0.28
16357	1	1	94	1	0.22
16359	1	1	94	1	0.28
16360	1	1	94	1	0.42
16361	1	0	94	1	0.46
16362	1	0	94	1	0.11
16363	1	1	94	1	0.42
16402	1	1	91	1	0.57
16403	1	1	91	1	0.5
16404	1	0	91	1	1.11
16405	1	0	111	0	1.47
16406	1	0	111	0	1.12
16407	1	1	91	1	1.33
16408	1	1	91	1	0.56
16409	1	0	111	0	1.32
17064	1	1	127	0	4.57
17065	1	1	127	0	4.64
16421	1	0	207	0	0.86
16422	1	1	107	0	0.26
16423	1	1	107	0	0.31
16424	1	1	145	0	0.09
16425	1	0	221	0	3
16426	1	0	107	0	1.41
16427	1	1	145	0	0.09
16428	1	1	207	0	1.31
16590	1	0	93	1	0.39
16591	1	1	102	0	0.3
16592	1	1	102	0	0.1
16593	1	0	93	1	0.65
16634	1	0	101	0	0.72
16635	1	0	101	0	0.87
16636	1	0	101	0	0.78
16637	1	0	101	0	1.2
16638	1	0	101	0	1.01
16639	1	0	99	1	1.55
16640	1	1	99	1	1.61
16641	1	0	99	1	0.86
