greedy n
              wall_time   cpu_time  peak_memory                                               
n         d                                    
10.0      10   0.001559   0.001567     0.000000
50.0      10   0.002125   0.002128     0.000000
100.0     10   0.003161   0.003122     0.000000
500.0     10   0.010599   0.010620     0.019531
1000.0    10   0.016632   0.016645     0.015625
5000.0    10   0.044572   0.044835     0.046875
10000.0   10   0.070361   0.070603     0.003906
50000.0   10   0.291917   0.279292     0.769531
100000.0  10   0.555994   0.558440     0.000000
500000.0  10   2.722884   2.694042     9.820312
1000000.0 10   5.443178   5.392468    45.261719
5000000.0 10  27.303457  26.901258   230.460938


greedy d
         wall_time  cpu_time  peak_memory                                                     
n    d                                   
1000 2    0.002044  0.001971     0.000000
     3    0.002490  0.002538     0.000000
     4    0.003059  0.003043     0.000000
     5    0.003749  0.003769     0.000000
     6    0.004518  0.004431     0.000000
     7    0.005512  0.005571     0.003906
     8    0.007784  0.007585     0.015625
     9    0.011869  0.011937     0.074219
     10   0.018888  0.019680     0.015625
     11   0.030591  0.029900     0.000000
     12   0.052871  0.052625     0.000000
     13   0.094213  0.095530     0.027344
     14   0.168649  0.167546     0.148438
     15   0.300001  0.297073     0.847656
     16   0.529675  0.517590     2.726562
     17   0.912528  0.908709     4.808594
     18   1.472022  1.471600     7.703125
     19   2.422019  2.458332    13.753906


exact n
              wall_time   cpu_time  peak_memory                                               
n         d                                    
10.0      10   0.003771   0.003748     0.000000
50.0      10   0.012293   0.012148     0.000000
100.0     10   0.011264   0.011053     0.000000
500.0     10   0.033111   0.033229     0.000000
1000.0    10   0.046910   0.047446     0.000000
5000.0    10   0.093163   0.092914     0.000000
10000.0   10   0.115898   0.117205     0.000000
50000.0   10   0.341986   0.343774     0.250000
100000.0  10   0.633910   0.626761     1.027344
500000.0  10   3.042591   3.690386    13.917969
1000000.0 10   5.621431   5.496926    44.789062
5000000.0 10  28.181194  28.552227   229.789062


exact d
          wall_time    cpu_time  peak_memory                                                  
n    d                                      
1000 2     0.002054    0.002050     0.000000
     3     0.002559    0.002615     0.000000
     4     0.003118    0.003128     0.000000
     5     0.003908    0.003830     0.000000
     6     0.004697    0.004719     0.000000
     7     0.006326    0.006347     0.000000
     8     0.010568    0.010101     0.000000
     9     0.022112    0.022195     0.000000
     10    0.049991    0.049878     0.000000
     11    0.106105    0.107537     0.031250
     12    0.242733    0.237883     2.363281
     13    0.543166    0.540744     5.960938
     14    0.994415    0.987433    11.011719
     15    1.903825    1.877708    22.683594
     16    3.489436    3.480106    43.269531
     17    9.570093    9.518198   145.375000
     18   23.403169   23.212681   308.828125
     19  138.580345  137.416005   711.382812


exact-dp n
              wall_time   cpu_time  peak_memory                                               
n         d                                    
10.0      10   0.025569   0.025516     0.000000
50.0      10   0.039183   0.038476     0.000000
100.0     10   0.040514   0.040287     0.000000
500.0     10   0.078722   0.076589     0.062500
1000.0    10   0.096918   0.097037     0.062500
5000.0    10   0.139065   0.137002     0.082031
10000.0   10   0.165630   0.168242     0.046875
50000.0   10   0.394554   0.390280     0.000000
100000.0  10   0.665958   0.668546     0.000000
500000.0  10   2.934833   2.891287    11.351562
1000000.0 10   5.807926   5.731238    26.910156
5000000.0 10  27.952267  27.804610   227.046875


exact-dp d
         wall_time   cpu_time  peak_memory                                                    
n    d                                    
1000 2    0.002207   0.002229     0.000000
     3    0.002834   0.002817     0.000000
     4    0.003513   0.003484     0.000000
     5    0.004524   0.004503     0.000000
     6    0.006253   0.006179     0.000000
     7    0.009892   0.009707     0.000000
     8    0.019050   0.018537     0.000000
     9    0.041287   0.040704     0.000000
     10   0.096052   0.094605     0.089844
     11   0.219955   0.220129     0.675781
     12   0.491510   0.488367     1.671875
     13   1.064136   1.043448    33.257812
     14   2.201306   2.164865    83.175781
     15   4.454651   4.392127   185.226562
     16   9.146411   9.056406   402.976562
     17  17.645209  17.333289   860.714844
     18  36.835136  35.072214  1865.085938
     19  71.590392  69.793732  3923.195312
     
0.00030422210693359375 -16.71106307409961 ((), (), ())
0.00026345252990722656 -16.71106307409961 ((), (), ())
0.0006160736083984375 -16.71106307409961 ((), (), ())


0.04071187973022461 -1214.068730879609 ((), (11,), (13,), (), (), (), (3,), (), (), (), (), (17,), (), (), (16,), (16,), (), (15,))
27.664430856704712 -1208.4483112717205 ((), (2, 17), (), (), (), (), (3,), (), (), (), (), (17,), (), (2,), (16,), (), (15,), (15,))
23.302419185638428 -1208.4483112717203 ((), (2, 17), (13,), (), (), (), (3,), (), (), (), (), (17,), (), (), (16,), (16,), (), (15,))


0.0037114620208740234 -3459.5880283481456 ((), (), (), (), ())
0.0037789344787597656 -3459.5880283481456 ((), (), (), (), ())
0.004509449005126953 -3459.5880283481456 ((), (), (), (), ())


0.010446548461914062 -6229.13159134729 ((), (), (), (), (), (), (), (), ())
0.02026057243347168 -6229.13159134729 ((), (), (), (), (), (), (), (), ())
0.04217123985290527 -6229.13159134729 ((), (), (), (), (), (), (), (), ())


0.0004563331604003906 -134.65653753536472 ((), ())
0.0005221366882324219 -134.65653753536472 ((), ())
0.0006582736968994141 -134.65653753536472 ((), ())


0.004364013671875 -37.86116523567778 ((18,), (13, 16), (6,), (6, 7), (3, 13), (), (14,), (1, 2), (10,), (0, 6), (), (4, 14), (7,), (6,), (16,), (1, 10), (8,), (4, 18), (5, 16), (16,))
11.344032526016235 -37.53927222742012 ((), (13, 16), (6,), (6, 7), (3, 13), (2, 18), (14,), (1, 2), (16,), (13,), (8,), (4, 14), (7,), (6,), (16,), (1, 10), (18,), (4, 18), (0,), (16,))
124.3118028640747 -37.53927222742012 ((18,), (13, 19), (6,), (6, 7), (3, 13), (3, 18), (), (1, 2), (19,), (13,), (8,), (4, 14), (7,), (6,), (6,), (1, 10), (14,), (4, 18), (19,), (16,))
