 s13-Dec-2011       (biehl_336.dat - 1.0*Aver(biehl_335.dat,biehl_337.dat) / 42
biehl_336.da  Conc = .43E+02  N1 =    1  N2 = 2170
biehl_335.da  Conc = 0.0d+0   N1 =    1  N2 = 2170
biehl_337.da  Conc = 0.0d+0   N1 =    1  N2 = 2170
  0.854979E-01  0.101301E+03  0.219080E+01
  0.882382E-01  0.999134E+02  0.900195E+00
  0.909785E-01  0.100615E+03  0.793092E+00
  0.937188E-01  0.100030E+03  0.725757E+00
  0.964591E-01  0.990502E+02  0.677327E+00
  0.991995E-01  0.993440E+02  0.638268E+00
  0.101940E+00  0.987779E+02  0.610183E+00
  0.104680E+00  0.989165E+02  0.578010E+00
  0.107420E+00  0.982729E+02  0.557488E+00
  0.110161E+00  0.978537E+02  0.530113E+00
  0.112901E+00  0.972389E+02  0.512020E+00
  0.115641E+00  0.972902E+02  0.500010E+00
  0.118382E+00  0.971973E+02  0.483957E+00
  0.121122E+00  0.968013E+02  0.470187E+00
  0.123862E+00  0.962010E+02  0.454951E+00
  0.126603E+00  0.961312E+02  0.446725E+00
  0.129343E+00  0.959871E+02  0.441467E+00
  0.132083E+00  0.957183E+02  0.430751E+00
  0.134823E+00  0.953438E+02  0.424557E+00
  0.137564E+00  0.956458E+02  0.418019E+00
  0.140304E+00  0.951377E+02  0.411226E+00
  0.143044E+00  0.945070E+02  0.403386E+00
  0.145785E+00  0.942381E+02  0.399555E+00
  0.148525E+00  0.940484E+02  0.396461E+00
  0.151265E+00  0.934567E+02  0.389292E+00
  0.154006E+00  0.933273E+02  0.386669E+00
  0.156746E+00  0.932384E+02  0.381754E+00
  0.159486E+00  0.927668E+02  0.379741E+00
  0.162227E+00  0.926895E+02  0.375781E+00
  0.164967E+00  0.924436E+02  0.374198E+00
  0.167707E+00  0.920149E+02  0.370022E+00
  0.170447E+00  0.916368E+02  0.366250E+00
  0.173188E+00  0.915397E+02  0.365413E+00
  0.175928E+00  0.913552E+02  0.363265E+00
  0.178668E+00  0.910391E+02  0.360609E+00
  0.181409E+00  0.907160E+02  0.357475E+00
  0.184149E+00  0.904068E+02  0.356599E+00
  0.186889E+00  0.903417E+02  0.355845E+00
  0.189630E+00  0.900822E+02  0.352287E+00
  0.192370E+00  0.895827E+02  0.349916E+00
  0.195110E+00  0.891525E+02  0.348575E+00
  0.197851E+00  0.889636E+02  0.346826E+00
  0.200591E+00  0.885629E+02  0.345755E+00
  0.203331E+00  0.884593E+02  0.341886E+00
  0.206071E+00  0.881039E+02  0.342143E+00
  0.208812E+00  0.880129E+02  0.340696E+00
  0.211552E+00  0.877118E+02  0.340358E+00
  0.214292E+00  0.874855E+02  0.338062E+00
  0.217033E+00  0.873160E+02  0.336145E+00
  0.219773E+00  0.870706E+02  0.337240E+00
  0.222513E+00  0.866747E+02  0.333769E+00
  0.225254E+00  0.863761E+02  0.332840E+00
  0.227994E+00  0.859501E+02  0.331312E+00
  0.230734E+00  0.858437E+02  0.330009E+00
  0.233475E+00  0.862042E+02  0.332333E+00
  0.236215E+00  0.859116E+02  0.328527E+00
  0.238955E+00  0.853509E+02  0.329060E+00
  0.241696E+00  0.852454E+02  0.327631E+00
  0.244436E+00  0.845909E+02  0.325539E+00
  0.247176E+00  0.844683E+02  0.326292E+00
  0.249916E+00  0.841347E+02  0.322421E+00
  0.252657E+00  0.839610E+02  0.324428E+00
  0.255397E+00  0.834577E+02  0.321897E+00
  0.258137E+00  0.828939E+02  0.319383E+00
  0.260878E+00  0.825900E+02  0.319094E+00
  0.263618E+00  0.823362E+02  0.316529E+00
  0.266358E+00  0.820082E+02  0.317821E+00
  0.269099E+00  0.815308E+02  0.314400E+00
  0.271839E+00  0.811527E+02  0.313366E+00
  0.274579E+00  0.809340E+02  0.313262E+00
  0.277320E+00  0.805581E+02  0.309959E+00
  0.280060E+00  0.804225E+02  0.312446E+00
  0.282800E+00  0.798149E+02  0.307053E+00
  0.285540E+00  0.797201E+02  0.307907E+00
  0.288281E+00  0.794173E+02  0.306981E+00
  0.291021E+00  0.791908E+02  0.304378E+00
  0.293761E+00  0.785771E+02  0.303466E+00
  0.296502E+00  0.783911E+02  0.300805E+00
  0.299242E+00  0.779346E+02  0.300051E+00
  0.301982E+00  0.775832E+02  0.298439E+00
  0.304723E+00  0.772399E+02  0.297048E+00
  0.307463E+00  0.767388E+02  0.294774E+00
  0.310203E+00  0.765357E+02  0.293546E+00
  0.312944E+00  0.760176E+02  0.291724E+00
  0.315684E+00  0.758755E+02  0.291229E+00
  0.318424E+00  0.752622E+02  0.287544E+00
  0.321164E+00  0.750400E+02  0.287567E+00
  0.323905E+00  0.747221E+02  0.286572E+00
  0.326645E+00  0.742120E+02  0.284600E+00
  0.329385E+00  0.741034E+02  0.283920E+00
  0.332126E+00  0.736683E+02  0.282226E+00
  0.334866E+00  0.732491E+02  0.281419E+00
  0.337606E+00  0.727555E+02  0.280020E+00
  0.340347E+00  0.726009E+02  0.278613E+00
  0.343087E+00  0.721411E+02  0.276286E+00
  0.345827E+00  0.716949E+02  0.275429E+00
  0.348568E+00  0.714372E+02  0.274539E+00
  0.351308E+00  0.710371E+02  0.273989E+00
  0.354048E+00  0.706397E+02  0.271015E+00
  0.356788E+00  0.703299E+02  0.270147E+00
  0.359529E+00  0.700608E+02  0.268950E+00
  0.362269E+00  0.695403E+02  0.267792E+00
  0.365009E+00  0.691067E+02  0.266081E+00
  0.367750E+00  0.687024E+02  0.263701E+00
  0.370490E+00  0.685355E+02  0.263266E+00
  0.373230E+00  0.679446E+02  0.262089E+00
  0.375971E+00  0.676150E+02  0.259484E+00
  0.378711E+00  0.671570E+02  0.258323E+00
  0.381451E+00  0.669079E+02  0.257376E+00
  0.384192E+00  0.664207E+02  0.255715E+00
  0.386932E+00  0.660412E+02  0.254406E+00
  0.389672E+00  0.656421E+02  0.252064E+00
  0.392413E+00  0.651412E+02  0.251070E+00
  0.395153E+00  0.649019E+02  0.249380E+00
  0.397893E+00  0.646953E+02  0.249161E+00
  0.400633E+00  0.643164E+02  0.246974E+00
  0.403374E+00  0.640476E+02  0.246457E+00
  0.406114E+00  0.633591E+02  0.244454E+00
  0.408854E+00  0.629731E+02  0.242356E+00
  0.411595E+00  0.625492E+02  0.240348E+00
  0.414335E+00  0.620467E+02  0.238617E+00
  0.417075E+00  0.614778E+02  0.236858E+00
  0.419816E+00  0.611964E+02  0.236289E+00
  0.422556E+00  0.606827E+02  0.233085E+00
  0.425296E+00  0.602912E+02  0.232693E+00
  0.428037E+00  0.597948E+02  0.229520E+00
  0.430777E+00  0.595281E+02  0.229614E+00
  0.433517E+00  0.589398E+02  0.227118E+00
  0.436257E+00  0.584262E+02  0.224917E+00
  0.438998E+00  0.580573E+02  0.224137E+00
  0.441738E+00  0.576756E+02  0.222163E+00
  0.444478E+00  0.572053E+02  0.220583E+00
  0.447219E+00  0.567434E+02  0.218157E+00
  0.449959E+00  0.562857E+02  0.216927E+00
  0.452699E+00  0.558602E+02  0.215703E+00
  0.455440E+00  0.553509E+02  0.213431E+00
  0.458180E+00  0.549820E+02  0.212105E+00
  0.460920E+00  0.545396E+02  0.210075E+00
  0.463661E+00  0.537276E+02  0.207470E+00
  0.466401E+00  0.541653E+02  0.209267E+00
  0.469141E+00  0.531306E+02  0.204452E+00
  0.471881E+00  0.524282E+02  0.202626E+00
  0.474622E+00  0.527613E+02  0.203667E+00
  0.477362E+00  0.522257E+02  0.201763E+00
  0.480102E+00  0.513060E+02  0.197792E+00
  0.482843E+00  0.514159E+02  0.198312E+00
  0.485583E+00  0.518034E+02  0.200712E+00
  0.488323E+00  0.505808E+02  0.195421E+00
  0.491064E+00  0.501590E+02  0.194065E+00
  0.493804E+00  0.496272E+02  0.191613E+00
  0.496544E+00  0.487951E+02  0.188400E+00
  0.499285E+00  0.486067E+02  0.188174E+00
  0.502025E+00  0.479795E+02  0.185535E+00
  0.504765E+00  0.480028E+02  0.185479E+00
  0.507505E+00  0.477252E+02  0.184634E+00
  0.510246E+00  0.474218E+02  0.183656E+00
  0.512986E+00  0.468531E+02  0.181737E+00
  0.515726E+00  0.460350E+02  0.178042E+00
  0.518467E+00  0.460584E+02  0.178576E+00
  0.521207E+00  0.453068E+02  0.175582E+00
  0.523947E+00  0.450705E+02  0.174826E+00
  0.526688E+00  0.441536E+02  0.171367E+00
  0.529428E+00  0.446344E+02  0.172987E+00
  0.532168E+00  0.435549E+02  0.169148E+00
  0.534909E+00  0.433886E+02  0.168080E+00
  0.537649E+00  0.434507E+02  0.168752E+00
  0.540389E+00  0.423395E+02  0.164643E+00
  0.543129E+00  0.421657E+02  0.163721E+00
  0.545870E+00  0.416817E+02  0.162185E+00
  0.548610E+00  0.414874E+02  0.161259E+00
  0.551350E+00  0.407051E+02  0.158440E+00
  0.554091E+00  0.404614E+02  0.157357E+00
  0.556831E+00  0.402213E+02  0.156800E+00
  0.559571E+00  0.397996E+02  0.155338E+00
  0.562312E+00  0.389426E+02  0.151404E+00
  0.565052E+00  0.388438E+02  0.151339E+00
  0.567792E+00  0.380467E+02  0.148339E+00
  0.570533E+00  0.374794E+02  0.146473E+00
  0.573273E+00  0.375759E+02  0.146652E+00
  0.576013E+00  0.369131E+02  0.144126E+00
  0.578754E+00  0.361883E+02  0.141407E+00
  0.581494E+00  0.360330E+02  0.140986E+00
  0.584234E+00  0.353846E+02  0.138290E+00
  0.586974E+00  0.354040E+02  0.138669E+00
  0.589715E+00  0.348536E+02  0.136524E+00
  0.592455E+00  0.345558E+02  0.135455E+00
  0.595195E+00  0.343780E+02  0.135141E+00
  0.597936E+00  0.338830E+02  0.132803E+00
  0.600676E+00  0.333428E+02  0.130846E+00
  0.603416E+00  0.324058E+02  0.127431E+00
  0.606157E+00  0.322737E+02  0.126888E+00
  0.608897E+00  0.318732E+02  0.125270E+00
  0.611637E+00  0.314530E+02  0.123938E+00
  0.614378E+00  0.312539E+02  0.123027E+00
  0.617118E+00  0.306917E+02  0.121178E+00
  0.619858E+00  0.304577E+02  0.119964E+00
  0.622598E+00  0.297752E+02  0.117761E+00
  0.625339E+00  0.293757E+02  0.116117E+00
  0.628079E+00  0.293908E+02  0.116450E+00
  0.630819E+00  0.287148E+02  0.113445E+00
  0.633560E+00  0.282451E+02  0.111633E+00
  0.636300E+00  0.280668E+02  0.111598E+00
  0.639040E+00  0.272462E+02  0.108167E+00
  0.641781E+00  0.269938E+02  0.107211E+00
  0.644521E+00  0.268218E+02  0.106560E+00
  0.647261E+00  0.263290E+02  0.104573E+00
  0.650002E+00  0.258059E+02  0.103008E+00
  0.652742E+00  0.258144E+02  0.102953E+00
  0.655482E+00  0.254347E+02  0.101279E+00
  0.658222E+00  0.251833E+02  0.100913E+00
  0.660963E+00  0.245093E+02  0.978132E-01
  0.663703E+00  0.243010E+02  0.974854E-01
  0.666443E+00  0.241014E+02  0.963476E-01
  0.669184E+00  0.235730E+02  0.944490E-01
  0.671924E+00  0.232043E+02  0.931981E-01
  0.674664E+00  0.228843E+02  0.920126E-01
  0.677405E+00  0.225666E+02  0.909561E-01
  0.680145E+00  0.223910E+02  0.899934E-01
  0.682885E+00  0.221046E+02  0.893080E-01
  0.685626E+00  0.218529E+02  0.884576E-01
  0.688366E+00  0.213332E+02  0.862025E-01
  0.691106E+00  0.206940E+02  0.839337E-01
  0.693846E+00  0.206911E+02  0.838594E-01
  0.696587E+00  0.206715E+02  0.839914E-01
  0.699327E+00  0.197810E+02  0.804195E-01
  0.702067E+00  0.197632E+02  0.803187E-01
  0.704808E+00  0.191974E+02  0.783304E-01
  0.707548E+00  0.191697E+02  0.783085E-01
  0.710288E+00  0.186220E+02  0.762541E-01
  0.713029E+00  0.184242E+02  0.752953E-01
  0.715769E+00  0.182952E+02  0.749962E-01
  0.718509E+00  0.180759E+02  0.743942E-01
  0.721250E+00  0.179253E+02  0.738345E-01
  0.723990E+00  0.175595E+02  0.724283E-01
  0.726730E+00  0.171866E+02  0.709738E-01
  0.729471E+00  0.168384E+02  0.695823E-01
  0.732211E+00  0.164216E+02  0.679811E-01
  0.734951E+00  0.162006E+02  0.672046E-01
  0.737691E+00  0.159144E+02  0.662013E-01
  0.740432E+00  0.157290E+02  0.652992E-01
  0.743172E+00  0.153588E+02  0.641538E-01
  0.745912E+00  0.150314E+02  0.628877E-01
  0.748653E+00  0.150458E+02  0.628977E-01
  0.751393E+00  0.150333E+02  0.630225E-01
  0.754133E+00  0.142741E+02  0.600080E-01
  0.756874E+00  0.141811E+02  0.598561E-01
  0.759614E+00  0.140703E+02  0.593367E-01
  0.762354E+00  0.138331E+02  0.585289E-01
  0.765095E+00  0.137608E+02  0.583481E-01
  0.767835E+00  0.133227E+02  0.566420E-01
  0.770575E+00  0.132006E+02  0.562209E-01
  0.773315E+00  0.127296E+02  0.542466E-01
  0.776056E+00  0.126464E+02  0.541623E-01
  0.778796E+00  0.123067E+02  0.527718E-01
  0.781536E+00  0.121196E+02  0.521192E-01
  0.784277E+00  0.118267E+02  0.508413E-01
  0.787017E+00  0.118511E+02  0.511704E-01
  0.789757E+00  0.117839E+02  0.511325E-01
  0.792498E+00  0.114247E+02  0.496047E-01
  0.795238E+00  0.111048E+02  0.482878E-01
  0.797978E+00  0.111126E+02  0.484062E-01
  0.800719E+00  0.108255E+02  0.473546E-01
  0.803459E+00  0.106350E+02  0.468505E-01
  0.806199E+00  0.104225E+02  0.456572E-01
  0.808939E+00  0.103440E+02  0.456862E-01
  0.811680E+00  0.100640E+02  0.445769E-01
  0.814420E+00  0.983760E+01  0.438574E-01
  0.817160E+00  0.961143E+01  0.429207E-01
  0.819901E+00  0.952124E+01  0.426987E-01
  0.822641E+00  0.944543E+01  0.427680E-01
  0.825381E+00  0.924567E+01  0.418921E-01
  0.828122E+00  0.907014E+01  0.413327E-01
  0.830862E+00  0.881793E+01  0.403019E-01
  0.833602E+00  0.852053E+01  0.389536E-01
  0.836343E+00  0.855769E+01  0.395876E-01
  0.839083E+00  0.823938E+01  0.381345E-01
  0.841823E+00  0.824675E+01  0.383333E-01
  0.844563E+00  0.806808E+01  0.378227E-01
  0.847304E+00  0.787983E+01  0.369785E-01
  0.850044E+00  0.778866E+01  0.368280E-01
  0.852784E+00  0.767025E+01  0.360735E-01
  0.855525E+00  0.749510E+01  0.357188E-01
  0.858265E+00  0.738484E+01  0.352951E-01
  0.861005E+00  0.732652E+01  0.352640E-01
  0.863746E+00  0.705896E+01  0.340253E-01
  0.866486E+00  0.704392E+01  0.340534E-01
  0.869226E+00  0.686835E+01  0.334869E-01
  0.871967E+00  0.683724E+01  0.335215E-01
  0.874707E+00  0.665872E+01  0.327058E-01
  0.877447E+00  0.651149E+01  0.322051E-01
  0.880187E+00  0.637602E+01  0.317158E-01
  0.882928E+00  0.627472E+01  0.314669E-01
  0.885668E+00  0.613077E+01  0.308070E-01
  0.888408E+00  0.607946E+01  0.305333E-01
  0.891149E+00  0.600792E+01  0.304709E-01
  0.893889E+00  0.583097E+01  0.297712E-01
  0.896629E+00  0.579051E+01  0.297213E-01
  0.899370E+00  0.574948E+01  0.295996E-01
  0.902110E+00  0.559004E+01  0.288634E-01
  0.904850E+00  0.542834E+01  0.282428E-01
  0.907591E+00  0.537941E+01  0.282254E-01
  0.910331E+00  0.531635E+01  0.279905E-01
  0.913071E+00  0.523682E+01  0.277210E-01
  0.915812E+00  0.509664E+01  0.271265E-01
  0.918552E+00  0.502867E+01  0.268030E-01
  0.921292E+00  0.496543E+01  0.268277E-01
  0.924032E+00  0.483309E+01  0.261423E-01
  0.926773E+00  0.475678E+01  0.259573E-01
  0.929513E+00  0.474663E+01  0.260640E-01
  0.932253E+00  0.467086E+01  0.254620E-01
  0.934994E+00  0.454863E+01  0.252111E-01
  0.937734E+00  0.454067E+01  0.252500E-01
  0.940474E+00  0.443480E+01  0.249265E-01
  0.943215E+00  0.431988E+01  0.244134E-01
  0.945955E+00  0.429334E+01  0.241871E-01
  0.948695E+00  0.418779E+01  0.240030E-01
  0.951436E+00  0.422021E+01  0.240772E-01
  0.954176E+00  0.411486E+01  0.238101E-01
  0.956916E+00  0.409979E+01  0.237840E-01
  0.959656E+00  0.394618E+01  0.229661E-01
  0.962397E+00  0.391093E+01  0.229682E-01
  0.965137E+00  0.382437E+01  0.224418E-01
  0.967877E+00  0.382354E+01  0.226850E-01
  0.970618E+00  0.374218E+01  0.222769E-01
  0.973358E+00  0.375812E+01  0.224514E-01
  0.976098E+00  0.370388E+01  0.223755E-01
  0.978839E+00  0.360497E+01  0.218173E-01
  0.981579E+00  0.357381E+01  0.219093E-01
  0.984319E+00  0.350145E+01  0.213545E-01
  0.987060E+00  0.346536E+01  0.214613E-01
  0.989800E+00  0.341082E+01  0.211938E-01
  0.992540E+00  0.342870E+01  0.213351E-01
  0.995280E+00  0.326853E+01  0.206434E-01
  0.998021E+00  0.324990E+01  0.204338E-01
  0.100076E+01  0.321722E+01  0.204085E-01
  0.100350E+01  0.323104E+01  0.205070E-01
  0.100624E+01  0.320870E+01  0.206604E-01
  0.100898E+01  0.316350E+01  0.203891E-01
  0.101172E+01  0.310097E+01  0.200834E-01
  0.101446E+01  0.306769E+01  0.199991E-01
  0.101720E+01  0.307422E+01  0.199562E-01
  0.101994E+01  0.301364E+01  0.199117E-01
  0.102268E+01  0.295665E+01  0.196058E-01
  0.102542E+01  0.294689E+01  0.196528E-01
  0.102816E+01  0.292408E+01  0.195653E-01
  0.103090E+01  0.286264E+01  0.191024E-01
  0.103364E+01  0.285915E+01  0.193450E-01
  0.103639E+01  0.282063E+01  0.190716E-01
  0.103913E+01  0.272830E+01  0.186251E-01
  0.104187E+01  0.274469E+01  0.188577E-01
  0.104461E+01  0.272008E+01  0.186501E-01
  0.104735E+01  0.273662E+01  0.189850E-01
  0.105009E+01  0.262473E+01  0.182239E-01
  0.105283E+01  0.267391E+01  0.186067E-01
  0.105557E+01  0.258102E+01  0.181815E-01
  0.105831E+01  0.259752E+01  0.182677E-01
  0.106105E+01  0.257214E+01  0.182487E-01
  0.106379E+01  0.253994E+01  0.179954E-01
  0.106653E+01  0.253333E+01  0.181074E-01
  0.106927E+01  0.249557E+01  0.177994E-01
  0.107201E+01  0.251217E+01  0.179200E-01
  0.107475E+01  0.244504E+01  0.177481E-01
  0.107749E+01  0.243389E+01  0.176099E-01
  0.108023E+01  0.240650E+01  0.176338E-01
  0.108297E+01  0.240582E+01  0.174568E-01
  0.108571E+01  0.238378E+01  0.173249E-01
  0.108845E+01  0.238577E+01  0.176627E-01
  0.109119E+01  0.236678E+01  0.174644E-01
  0.109393E+01  0.231504E+01  0.172454E-01
  0.109667E+01  0.233213E+01  0.171412E-01
  0.109941E+01  0.230474E+01  0.172298E-01
  0.110215E+01  0.226967E+01  0.171143E-01
  0.110489E+01  0.227832E+01  0.171055E-01
  0.110763E+01  0.223059E+01  0.169136E-01
  0.111037E+01  0.227179E+01  0.170037E-01
  0.111311E+01  0.221292E+01  0.167985E-01
  0.111585E+01  0.220771E+01  0.167766E-01
  0.111859E+01  0.220945E+01  0.167391E-01
  0.112133E+01  0.220619E+01  0.169497E-01
  0.112407E+01  0.216712E+01  0.166481E-01
  0.112682E+01  0.217466E+01  0.168934E-01
  0.112956E+01  0.214989E+01  0.165816E-01
  0.113230E+01  0.213447E+01  0.164957E-01
  0.113504E+01  0.213898E+01  0.166402E-01
  0.113778E+01  0.213036E+01  0.166343E-01
  0.114052E+01  0.212646E+01  0.164489E-01
  0.114326E+01  0.208595E+01  0.163137E-01
  0.114600E+01  0.206117E+01  0.163075E-01
  0.114874E+01  0.208885E+01  0.164733E-01
  0.115148E+01  0.210011E+01  0.164884E-01
  0.115422E+01  0.208382E+01  0.162777E-01
  0.115696E+01  0.203698E+01  0.161693E-01
  0.115970E+01  0.203587E+01  0.162418E-01
  0.116244E+01  0.204522E+01  0.162109E-01
  0.116518E+01  0.204037E+01  0.163101E-01
  0.116792E+01  0.199961E+01  0.159566E-01
  0.117066E+01  0.200888E+01  0.162005E-01
  0.117340E+01  0.201652E+01  0.161444E-01
  0.117614E+01  0.197585E+01  0.159585E-01
  0.117888E+01  0.200354E+01  0.160918E-01
  0.118162E+01  0.193265E+01  0.156732E-01
  0.118436E+01  0.197768E+01  0.161787E-01
  0.118710E+01  0.197058E+01  0.160513E-01
  0.118984E+01  0.196021E+01  0.159603E-01
  0.119258E+01  0.194414E+01  0.158888E-01
  0.119532E+01  0.191056E+01  0.155361E-01
  0.119806E+01  0.192892E+01  0.158958E-01
  0.120080E+01  0.191590E+01  0.156924E-01
  0.120354E+01  0.192122E+01  0.157739E-01
  0.120628E+01  0.191763E+01  0.157111E-01
  0.120902E+01  0.189032E+01  0.155374E-01
  0.121176E+01  0.186243E+01  0.154806E-01
  0.121451E+01  0.189318E+01  0.156054E-01
  0.121725E+01  0.188991E+01  0.157618E-01
  0.121999E+01  0.186964E+01  0.156224E-01
  0.122273E+01  0.188497E+01  0.155593E-01
  0.122547E+01  0.187147E+01  0.156737E-01
  0.122821E+01  0.183941E+01  0.153846E-01
  0.123095E+01  0.183487E+01  0.162079E-01
  0.123369E+01  0.181098E+01  0.165301E-01
  0.123643E+01  0.183323E+01  0.166745E-01
  0.124191E+01  0.184875E+01  0.173208E-01
  0.124465E+01  0.180255E+01  0.173676E-01
  0.124739E+01  0.183651E+01  0.180872E-01
  0.125013E+01  0.185844E+01  0.184515E-01
  0.125287E+01  0.185015E+01  0.184531E-01
  0.125561E+01  0.181016E+01  0.186219E-01
  0.125835E+01  0.182615E+01  0.185308E-01
  0.126109E+01  0.176943E+01  0.183511E-01
  0.126383E+01  0.183259E+01  0.192323E-01
  0.126657E+01  0.178287E+01  0.176178E-01
  0.126931E+01  0.177514E+01  0.171153E-01
  0.127205E+01  0.178263E+01  0.169287E-01
  0.127479E+01  0.174810E+01  0.163448E-01
  0.127753E+01  0.173788E+01  0.160806E-01
  0.128027E+01  0.175623E+01  0.160985E-01
  0.128301E+01  0.172613E+01  0.157833E-01
  0.128575E+01  0.171339E+01  0.155810E-01
  0.128849E+01  0.171161E+01  0.156153E-01
  0.129123E+01  0.168841E+01  0.155300E-01
  0.129397E+01  0.169642E+01  0.153948E-01
  0.129671E+01  0.171472E+01  0.155438E-01
  0.129945E+01  0.170726E+01  0.154001E-01
  0.130220E+01  0.167340E+01  0.152471E-01
  0.130494E+01  0.167713E+01  0.152794E-01
  0.130768E+01  0.165346E+01  0.150241E-01
  0.131042E+01  0.164587E+01  0.150616E-01
  0.131316E+01  0.161256E+01  0.149001E-01
  0.131590E+01  0.164405E+01  0.149714E-01
  0.131864E+01  0.163866E+01  0.148633E-01
  0.132138E+01  0.164158E+01  0.149669E-01
  0.132412E+01  0.159805E+01  0.147339E-01
  0.132686E+01  0.160623E+01  0.148558E-01
  0.132960E+01  0.158870E+01  0.148678E-01
  0.133234E+01  0.158152E+01  0.146965E-01
  0.133508E+01  0.160246E+01  0.147473E-01
  0.133782E+01  0.159023E+01  0.147293E-01
  0.134056E+01  0.157098E+01  0.147696E-01
  0.134330E+01  0.158292E+01  0.147030E-01
  0.134604E+01  0.158652E+01  0.147834E-01
  0.134878E+01  0.157147E+01  0.147357E-01
  0.135152E+01  0.155820E+01  0.148008E-01
  0.135426E+01  0.150934E+01  0.143484E-01
  0.135700E+01  0.152448E+01  0.144620E-01
  0.135974E+01  0.151314E+01  0.144510E-01
  0.136248E+01  0.151838E+01  0.145076E-01
  0.136522E+01  0.151216E+01  0.144484E-01
  0.136796E+01  0.150577E+01  0.144995E-01
  0.137070E+01  0.146720E+01  0.141094E-01
  0.137344E+01  0.148982E+01  0.142910E-01
  0.137618E+01  0.147661E+01  0.143008E-01
  0.137892E+01  0.148344E+01  0.143571E-01
  0.138166E+01  0.142185E+01  0.140751E-01
  0.138440E+01  0.143200E+01  0.140953E-01
  0.138714E+01  0.145321E+01  0.142226E-01
  0.138988E+01  0.145247E+01  0.143132E-01
  0.139263E+01  0.141177E+01  0.140134E-01
  0.139537E+01  0.142810E+01  0.139714E-01
  0.139811E+01  0.141045E+01  0.138922E-01
  0.140085E+01  0.143082E+01  0.142560E-01
  0.140359E+01  0.139498E+01  0.139276E-01
  0.140633E+01  0.138577E+01  0.139597E-01
  0.140907E+01  0.136193E+01  0.136503E-01
  0.141181E+01  0.137746E+01  0.138459E-01
  0.141455E+01  0.135707E+01  0.138458E-01
  0.141729E+01  0.138426E+01  0.140074E-01
  0.142003E+01  0.132397E+01  0.135076E-01
  0.142277E+01  0.133424E+01  0.136301E-01
  0.142551E+01  0.132847E+01  0.136491E-01
  0.142825E+01  0.130254E+01  0.135827E-01
  0.143099E+01  0.129804E+01  0.135358E-01
  0.143373E+01  0.130594E+01  0.136632E-01
  0.143647E+01  0.129588E+01  0.134938E-01
  0.143921E+01  0.132018E+01  0.138575E-01
  0.144195E+01  0.127190E+01  0.135171E-01
  0.144469E+01  0.126530E+01  0.134877E-01
  0.144743E+01  0.122320E+01  0.130500E-01
  0.145017E+01  0.124705E+01  0.132862E-01
  0.145291E+01  0.124278E+01  0.133605E-01
  0.145565E+01  0.125919E+01  0.134739E-01
  0.145839E+01  0.124778E+01  0.132395E-01
  0.146113E+01  0.122429E+01  0.131528E-01
  0.146387E+01  0.125128E+01  0.134652E-01
  0.146661E+01  0.121566E+01  0.131734E-01
  0.146935E+01  0.122488E+01  0.132573E-01
  0.147209E+01  0.118195E+01  0.132529E-01
  0.147483E+01  0.120094E+01  0.130817E-01
  0.147757E+01  0.118392E+01  0.131082E-01
  0.148032E+01  0.118767E+01  0.130376E-01
  0.148306E+01  0.118062E+01  0.129995E-01
  0.148580E+01  0.116574E+01  0.128047E-01
  0.148854E+01  0.117875E+01  0.129426E-01
  0.149128E+01  0.114383E+01  0.128546E-01
  0.149402E+01  0.115592E+01  0.127003E-01
  0.149676E+01  0.113589E+01  0.128293E-01
  0.149950E+01  0.113483E+01  0.127456E-01
  0.150224E+01  0.112348E+01  0.126545E-01
  0.150498E+01  0.110153E+01  0.123801E-01
  0.150772E+01  0.110069E+01  0.126441E-01
  0.151046E+01  0.108284E+01  0.124307E-01
  0.151320E+01  0.110122E+01  0.125859E-01
  0.151594E+01  0.110989E+01  0.126123E-01
  0.151868E+01  0.107322E+01  0.123312E-01
  0.152142E+01  0.105519E+01  0.123651E-01
  0.152416E+01  0.107115E+01  0.124837E-01
  0.152690E+01  0.107045E+01  0.124291E-01
  0.152964E+01  0.104211E+01  0.122876E-01
  0.153238E+01  0.104014E+01  0.123690E-01
  0.153512E+01  0.104107E+01  0.125676E-01
  0.153786E+01  0.102092E+01  0.124089E-01
  0.154060E+01  0.103871E+01  0.123678E-01
  0.154334E+01  0.102774E+01  0.123433E-01
  0.154608E+01  0.100306E+01  0.122985E-01
  0.154882E+01  0.978936E+00  0.121111E-01
  0.155156E+01  0.100086E+01  0.122811E-01
  0.155430E+01  0.979994E+00  0.121498E-01
  0.155704E+01  0.993713E+00  0.123040E-01
  0.155978E+01  0.957847E+00  0.119977E-01
  0.156252E+01  0.952237E+00  0.119637E-01
  0.156526E+01  0.977221E+00  0.120543E-01
  0.156801E+01  0.964432E+00  0.120981E-01
  0.157075E+01  0.941245E+00  0.119546E-01
  0.157349E+01  0.936589E+00  0.119050E-01
  0.157623E+01  0.936508E+00  0.121252E-01
  0.157897E+01  0.926709E+00  0.117916E-01
  0.158171E+01  0.922100E+00  0.119454E-01
  0.158445E+01  0.917807E+00  0.120037E-01
  0.158719E+01  0.915374E+00  0.118470E-01
  0.158993E+01  0.879579E+00  0.117235E-01
  0.159267E+01  0.887252E+00  0.117947E-01
  0.159541E+01  0.864301E+00  0.115296E-01
  0.159815E+01  0.865845E+00  0.115329E-01
  0.160089E+01  0.862014E+00  0.115453E-01
  0.160363E+01  0.871724E+00  0.118249E-01
  0.160637E+01  0.847839E+00  0.116950E-01
  0.160911E+01  0.861188E+00  0.115587E-01
  0.161185E+01  0.865686E+00  0.116836E-01
  0.161459E+01  0.842237E+00  0.116510E-01
  0.161733E+01  0.823926E+00  0.115382E-01
  0.162007E+01  0.822877E+00  0.115692E-01
  0.162281E+01  0.830984E+00  0.116643E-01
  0.162555E+01  0.812070E+00  0.114591E-01
  0.162829E+01  0.814956E+00  0.114386E-01
  0.163103E+01  0.828325E+00  0.115806E-01
  0.163377E+01  0.803850E+00  0.112914E-01
  0.163651E+01  0.822276E+00  0.116180E-01
  0.163925E+01  0.790355E+00  0.113397E-01
  0.164199E+01  0.786049E+00  0.114123E-01
  0.164473E+01  0.785560E+00  0.112475E-01
  0.164747E+01  0.775423E+00  0.113583E-01
  0.165021E+01  0.747068E+00  0.111494E-01
  0.165295E+01  0.766654E+00  0.113023E-01
  0.165569E+01  0.756917E+00  0.112281E-01
  0.165844E+01  0.767175E+00  0.112031E-01
  0.166118E+01  0.757339E+00  0.112451E-01
  0.166392E+01  0.738486E+00  0.112076E-01
  0.166666E+01  0.745834E+00  0.111878E-01
  0.166940E+01  0.728806E+00  0.111745E-01
  0.167214E+01  0.732215E+00  0.112170E-01
  0.167488E+01  0.719120E+00  0.111605E-01
  0.167762E+01  0.727694E+00  0.111420E-01
  0.168036E+01  0.722971E+00  0.109484E-01
  0.168310E+01  0.720263E+00  0.112211E-01
  0.168584E+01  0.696734E+00  0.108629E-01
  0.168858E+01  0.688754E+00  0.110294E-01
  0.169132E+01  0.684401E+00  0.108181E-01
  0.169406E+01  0.684006E+00  0.111438E-01
  0.169680E+01  0.697350E+00  0.110467E-01
  0.169954E+01  0.689519E+00  0.110583E-01
  0.170228E+01  0.682574E+00  0.109497E-01
  0.170502E+01  0.677853E+00  0.110345E-01
  0.170776E+01  0.640477E+00  0.107354E-01
  0.171050E+01  0.664470E+00  0.109060E-01
  0.171324E+01  0.641901E+00  0.108219E-01
  0.171598E+01  0.629269E+00  0.105933E-01
  0.171872E+01  0.634929E+00  0.108101E-01
  0.172146E+01  0.626562E+00  0.107166E-01
  0.172420E+01  0.651785E+00  0.107855E-01
  0.172694E+01  0.630639E+00  0.107356E-01
  0.172968E+01  0.625549E+00  0.106714E-01
  0.173242E+01  0.624572E+00  0.107209E-01
  0.173516E+01  0.631083E+00  0.109345E-01
  0.173790E+01  0.607558E+00  0.105112E-01
  0.174064E+01  0.627886E+00  0.106834E-01
  0.174338E+01  0.612923E+00  0.106965E-01
  0.174613E+01  0.615658E+00  0.107177E-01
  0.174887E+01  0.601896E+00  0.105827E-01
  0.175161E+01  0.593394E+00  0.106338E-01
  0.175435E+01  0.583489E+00  0.105741E-01
  0.175709E+01  0.585310E+00  0.105919E-01
  0.175983E+01  0.574864E+00  0.104215E-01
  0.176257E+01  0.599155E+00  0.107240E-01
  0.176531E+01  0.581553E+00  0.106313E-01
  0.176805E+01  0.580449E+00  0.105909E-01
  0.177079E+01  0.584310E+00  0.105005E-01
  0.177353E+01  0.585917E+00  0.106396E-01
  0.177627E+01  0.571475E+00  0.105950E-01
  0.177901E+01  0.573076E+00  0.105692E-01
  0.178175E+01  0.568266E+00  0.105568E-01
  0.178449E+01  0.557699E+00  0.103400E-01
  0.178723E+01  0.559039E+00  0.104365E-01
  0.178997E+01  0.539998E+00  0.104671E-01
  0.179271E+01  0.547153E+00  0.104602E-01
  0.179545E+01  0.560056E+00  0.105398E-01
  0.179819E+01  0.543130E+00  0.105736E-01
  0.180093E+01  0.531950E+00  0.103200E-01
  0.180367E+01  0.528203E+00  0.103802E-01
  0.180641E+01  0.539522E+00  0.105347E-01
  0.180915E+01  0.534313E+00  0.103274E-01
  0.181189E+01  0.543343E+00  0.103253E-01
  0.181463E+01  0.523874E+00  0.103768E-01
  0.181737E+01  0.515451E+00  0.103098E-01
  0.182011E+01  0.514902E+00  0.102684E-01
  0.182285E+01  0.498027E+00  0.100915E-01
  0.182559E+01  0.505223E+00  0.101669E-01
  0.182833E+01  0.497500E+00  0.102285E-01
  0.183107E+01  0.508200E+00  0.102159E-01
  0.183381E+01  0.503126E+00  0.102009E-01
  0.183656E+01  0.497981E+00  0.101341E-01
  0.183930E+01  0.504482E+00  0.102458E-01
  0.184204E+01  0.485138E+00  0.104271E-01
  0.184478E+01  0.482418E+00  0.101023E-01
  0.184752E+01  0.478484E+00  0.100628E-01
  0.185026E+01  0.471444E+00  0.101000E-01
  0.185300E+01  0.464632E+00  0.101224E-01
  0.185574E+01  0.491697E+00  0.102252E-01
  0.185848E+01  0.485708E+00  0.100250E-01
  0.186122E+01  0.469546E+00  0.101831E-01
  0.186396E+01  0.468536E+00  0.100420E-01
  0.186670E+01  0.468991E+00  0.100879E-01
  0.186944E+01  0.454174E+00  0.999649E-02
  0.187218E+01  0.459231E+00  0.101016E-01
  0.187492E+01  0.465842E+00  0.101960E-01
  0.187766E+01  0.450831E+00  0.100192E-01
  0.188040E+01  0.447308E+00  0.999706E-02
  0.188314E+01  0.455958E+00  0.990693E-02
  0.188588E+01  0.446575E+00  0.993642E-02
  0.188862E+01  0.436845E+00  0.987732E-02
  0.189136E+01  0.466945E+00  0.100902E-01
  0.189410E+01  0.440269E+00  0.993081E-02
  0.189684E+01  0.435841E+00  0.990510E-02
  0.189958E+01  0.426770E+00  0.969097E-02
  0.190232E+01  0.435357E+00  0.982692E-02
  0.190506E+01  0.420634E+00  0.973780E-02
  0.190780E+01  0.416557E+00  0.978621E-02
  0.191054E+01  0.431991E+00  0.991421E-02
  0.191328E+01  0.429153E+00  0.991559E-02
  0.191602E+01  0.430757E+00  0.981225E-02
  0.191876E+01  0.433199E+00  0.990327E-02
  0.192150E+01  0.433421E+00  0.996494E-02
  0.192425E+01  0.429492E+00  0.987905E-02
  0.192699E+01  0.413422E+00  0.974264E-02
  0.192973E+01  0.416604E+00  0.984425E-02
  0.193247E+01  0.420332E+00  0.998718E-02
  0.193521E+01  0.418382E+00  0.976771E-02
  0.193795E+01  0.397931E+00  0.978281E-02
  0.194069E+01  0.413662E+00  0.980726E-02
  0.194343E+01  0.414016E+00  0.982445E-02
  0.194617E+01  0.421688E+00  0.985128E-02
  0.194891E+01  0.414006E+00  0.973151E-02
  0.195165E+01  0.414659E+00  0.985690E-02
  0.195439E+01  0.396685E+00  0.980709E-02
  0.195713E+01  0.416638E+00  0.981368E-02
  0.195987E+01  0.392457E+00  0.979594E-02
  0.196261E+01  0.379016E+00  0.964151E-02
  0.196535E+01  0.379672E+00  0.974384E-02
  0.196809E+01  0.388784E+00  0.978831E-02
  0.197083E+01  0.389735E+00  0.976680E-02
  0.197357E+01  0.387687E+00  0.974334E-02
  0.197631E+01  0.384394E+00  0.991890E-02
  0.197905E+01  0.393411E+00  0.974068E-02
  0.198179E+01  0.374988E+00  0.962968E-02
  0.198453E+01  0.390928E+00  0.974508E-02
  0.198727E+01  0.382910E+00  0.972676E-02
  0.199001E+01  0.355697E+00  0.960442E-02
  0.199275E+01  0.360827E+00  0.962120E-02
  0.199549E+01  0.374921E+00  0.973030E-02
  0.199823E+01  0.353869E+00  0.950054E-02
  0.200097E+01  0.366730E+00  0.958341E-02
  0.200371E+01  0.345679E+00  0.956041E-02
  0.200645E+01  0.357741E+00  0.956469E-02
  0.200919E+01  0.357519E+00  0.978255E-02
  0.201194E+01  0.347953E+00  0.964969E-02
  0.201468E+01  0.343026E+00  0.959319E-02
  0.201742E+01  0.352109E+00  0.954463E-02
  0.202016E+01  0.351658E+00  0.960939E-02
  0.202290E+01  0.344130E+00  0.944705E-02
  0.202564E+01  0.342567E+00  0.956553E-02
  0.202838E+01  0.352762E+00  0.964141E-02
  0.203112E+01  0.345174E+00  0.960316E-02
  0.203386E+01  0.350470E+00  0.957514E-02
  0.203660E+01  0.341470E+00  0.947356E-02
  0.203934E+01  0.327022E+00  0.937987E-02
  0.204208E+01  0.336166E+00  0.953382E-02
  0.204482E+01  0.318389E+00  0.935585E-02
  0.204756E+01  0.316686E+00  0.943342E-02
  0.205030E+01  0.321731E+00  0.932242E-02
  0.205304E+01  0.336500E+00  0.960146E-02
  0.205578E+01  0.332360E+00  0.942302E-02
  0.205852E+01  0.312301E+00  0.946471E-02
  0.206126E+01  0.306525E+00  0.936369E-02
  0.206400E+01  0.324731E+00  0.953092E-02
  0.206674E+01  0.325578E+00  0.944934E-02
  0.206948E+01  0.317861E+00  0.938000E-02
  0.207222E+01  0.310965E+00  0.947011E-02
  0.207496E+01  0.304331E+00  0.943811E-02
  0.207770E+01  0.315569E+00  0.944901E-02
  0.208044E+01  0.319376E+00  0.943933E-02
  0.208318E+01  0.316860E+00  0.944817E-02
  0.208592E+01  0.323042E+00  0.951262E-02
  0.208866E+01  0.295167E+00  0.934892E-02
  0.209140E+01  0.299068E+00  0.938279E-02
  0.209414E+01  0.313157E+00  0.935692E-02
  0.209688E+01  0.292952E+00  0.936223E-02
  0.209962E+01  0.303535E+00  0.940441E-02
  0.210237E+01  0.306520E+00  0.932808E-02
  0.210511E+01  0.311839E+00  0.934676E-02
  0.210785E+01  0.288703E+00  0.935220E-02
  0.211059E+01  0.295276E+00  0.947861E-02
  0.211333E+01  0.298124E+00  0.936608E-02
  0.211607E+01  0.281379E+00  0.934263E-02
  0.211881E+01  0.318890E+00  0.947931E-02
  0.212155E+01  0.302239E+00  0.922902E-02
  0.212429E+01  0.291597E+00  0.934365E-02
  0.212703E+01  0.286315E+00  0.932165E-02
  0.212977E+01  0.297922E+00  0.939266E-02
  0.213251E+01  0.280373E+00  0.939291E-02
  0.213525E+01  0.279050E+00  0.920517E-02
  0.213799E+01  0.286576E+00  0.930652E-02
  0.214073E+01  0.276276E+00  0.921552E-02
  0.214347E+01  0.276079E+00  0.919656E-02
  0.214621E+01  0.271529E+00  0.918871E-02
  0.214895E+01  0.278304E+00  0.927376E-02
  0.215169E+01  0.271951E+00  0.929613E-02
  0.215443E+01  0.260861E+00  0.908373E-02
  0.215717E+01  0.268193E+00  0.925421E-02
  0.215991E+01  0.271257E+00  0.912838E-02
  0.216265E+01  0.260681E+00  0.921330E-02
  0.216539E+01  0.260560E+00  0.918045E-02
  0.216813E+01  0.269336E+00  0.929578E-02
  0.217087E+01  0.261616E+00  0.898260E-02
  0.217361E+01  0.245557E+00  0.914094E-02
  0.217635E+01  0.257590E+00  0.918926E-02
  0.217909E+01  0.273433E+00  0.920737E-02
  0.218183E+01  0.243943E+00  0.916514E-02
  0.218457E+01  0.264714E+00  0.924771E-02
  0.218731E+01  0.242366E+00  0.912142E-02
  0.219006E+01  0.248658E+00  0.910057E-02
  0.219280E+01  0.261605E+00  0.914805E-02
  0.219554E+01  0.249592E+00  0.909702E-02
  0.219828E+01  0.252256E+00  0.912926E-02
  0.220102E+01  0.258535E+00  0.920603E-02
  0.220376E+01  0.253072E+00  0.926844E-02
  0.220650E+01  0.246668E+00  0.911095E-02
  0.220924E+01  0.230388E+00  0.905080E-02
  0.221198E+01  0.246373E+00  0.926484E-02
  0.221472E+01  0.251238E+00  0.918129E-02
  0.221746E+01  0.259409E+00  0.894613E-02
  0.222020E+01  0.235507E+00  0.898163E-02
  0.222294E+01  0.236963E+00  0.909499E-02
  0.222568E+01  0.232218E+00  0.900472E-02
  0.222842E+01  0.248764E+00  0.909915E-02
  0.223116E+01  0.234382E+00  0.901037E-02
  0.223390E+01  0.227319E+00  0.897589E-02
  0.223664E+01  0.234624E+00  0.895738E-02
  0.223938E+01  0.231805E+00  0.907621E-02
  0.224212E+01  0.243464E+00  0.907024E-02
  0.224486E+01  0.223123E+00  0.893900E-02
  0.224760E+01  0.243903E+00  0.919712E-02
  0.225034E+01  0.230745E+00  0.900679E-02
  0.225308E+01  0.225231E+00  0.898448E-02
  0.225582E+01  0.229179E+00  0.902057E-02
  0.225856E+01  0.241886E+00  0.905868E-02
  0.226130E+01  0.235443E+00  0.903412E-02
  0.226404E+01  0.219445E+00  0.903088E-02
  0.226678E+01  0.225968E+00  0.900909E-02
  0.226952E+01  0.235141E+00  0.914289E-02
  0.227226E+01  0.233766E+00  0.905679E-02
  0.227500E+01  0.210199E+00  0.890013E-02
  0.227775E+01  0.236146E+00  0.912653E-02
  0.228049E+01  0.223697E+00  0.906824E-02
  0.228323E+01  0.213275E+00  0.908461E-02
  0.228597E+01  0.219769E+00  0.891407E-02
  0.228871E+01  0.223165E+00  0.899205E-02
  0.229145E+01  0.235299E+00  0.910320E-02
  0.229419E+01  0.221388E+00  0.918358E-02
  0.229693E+01  0.224143E+00  0.935213E-02
  0.229967E+01  0.200211E+00  0.899619E-02
  0.230241E+01  0.222512E+00  0.926452E-02
  0.230515E+01  0.221461E+00  0.919234E-02
  0.230789E+01  0.210241E+00  0.907007E-02
  0.231063E+01  0.210756E+00  0.905592E-02
  0.231337E+01  0.212820E+00  0.894244E-02
  0.231611E+01  0.206270E+00  0.890062E-02
  0.231885E+01  0.205944E+00  0.896421E-02
  0.232159E+01  0.205467E+00  0.898746E-02
  0.232433E+01  0.207214E+00  0.888499E-02
  0.232707E+01  0.213473E+00  0.891985E-02
  0.232981E+01  0.214146E+00  0.894557E-02
  0.233255E+01  0.199479E+00  0.884583E-02
  0.233529E+01  0.206002E+00  0.892553E-02
  0.233803E+01  0.191234E+00  0.882800E-02
  0.234077E+01  0.204320E+00  0.887949E-02
  0.234351E+01  0.216231E+00  0.886542E-02
  0.234625E+01  0.212743E+00  0.891456E-02
  0.234899E+01  0.203591E+00  0.900918E-02
  0.235173E+01  0.201286E+00  0.893459E-02
  0.235447E+01  0.197013E+00  0.897148E-02
  0.235721E+01  0.191468E+00  0.879129E-02
  0.235995E+01  0.191977E+00  0.895314E-02
  0.236269E+01  0.208895E+00  0.885173E-02
  0.236543E+01  0.196388E+00  0.886416E-02
  0.236818E+01  0.193482E+00  0.874442E-02
  0.237092E+01  0.198511E+00  0.876703E-02
  0.237366E+01  0.194611E+00  0.870078E-02
  0.237640E+01  0.182936E+00  0.875331E-02
  0.237914E+01  0.200041E+00  0.873918E-02
  0.238188E+01  0.209397E+00  0.884244E-02
  0.238462E+01  0.188634E+00  0.885212E-02
  0.238736E+01  0.189111E+00  0.875150E-02
  0.239010E+01  0.191928E+00  0.886033E-02
  0.239284E+01  0.202981E+00  0.886876E-02
  0.239558E+01  0.173944E+00  0.868121E-02
  0.239832E+01  0.193864E+00  0.883964E-02
  0.240106E+01  0.192438E+00  0.896430E-02
  0.240380E+01  0.197433E+00  0.886372E-02
  0.240654E+01  0.185918E+00  0.878370E-02
  0.240928E+01  0.187871E+00  0.871339E-02
  0.241202E+01  0.190689E+00  0.889191E-02
  0.241476E+01  0.188308E+00  0.881872E-02
  0.241750E+01  0.183785E+00  0.874192E-02
  0.242024E+01  0.186362E+00  0.880390E-02
  0.242298E+01  0.184723E+00  0.879340E-02
  0.242572E+01  0.187928E+00  0.875894E-02
  0.242846E+01  0.179732E+00  0.876891E-02
  0.243120E+01  0.187161E+00  0.868811E-02
  0.243394E+01  0.181482E+00  0.878161E-02
  0.243668E+01  0.176525E+00  0.872715E-02
  0.243942E+01  0.180820E+00  0.865053E-02
  0.244216E+01  0.183595E+00  0.870417E-02
  0.244490E+01  0.181315E+00  0.868158E-02
  0.244764E+01  0.182203E+00  0.877116E-02
  0.245038E+01  0.177000E+00  0.870530E-02
  0.245312E+01  0.166383E+00  0.882916E-02
  0.245587E+01  0.172754E+00  0.877538E-02
  0.245861E+01  0.182204E+00  0.877894E-02
  0.246135E+01  0.175264E+00  0.868757E-02
  0.246409E+01  0.186172E+00  0.879632E-02
  0.246683E+01  0.157956E+00  0.871695E-02
  0.246957E+01  0.186075E+00  0.878063E-02
  0.247231E+01  0.170220E+00  0.868902E-02
  0.247505E+01  0.176001E+00  0.880023E-02
  0.247779E+01  0.193404E+00  0.869878E-02
  0.248053E+01  0.180133E+00  0.883679E-02
  0.248327E+01  0.189334E+00  0.881915E-02
  0.248601E+01  0.162157E+00  0.865730E-02
  0.248875E+01  0.172703E+00  0.869166E-02
  0.249149E+01  0.159217E+00  0.869085E-02
  0.249423E+01  0.163887E+00  0.860843E-02
  0.249697E+01  0.169918E+00  0.850527E-02
  0.249971E+01  0.176056E+00  0.873721E-02
  0.250245E+01  0.158272E+00  0.880843E-02
  0.250519E+01  0.164489E+00  0.876591E-02
  0.250793E+01  0.166838E+00  0.859909E-02
  0.251067E+01  0.172192E+00  0.878091E-02
  0.251341E+01  0.161693E+00  0.873704E-02
  0.251615E+01  0.165412E+00  0.877453E-02
  0.251889E+01  0.153584E+00  0.873806E-02
  0.252163E+01  0.176139E+00  0.865131E-02
  0.252437E+01  0.160415E+00  0.868044E-02
  0.252711E+01  0.160542E+00  0.868840E-02
  0.252985E+01  0.164709E+00  0.870280E-02
  0.253259E+01  0.171322E+00  0.869216E-02
  0.253533E+01  0.168561E+00  0.863466E-02
  0.253807E+01  0.166125E+00  0.868391E-02
  0.254081E+01  0.163695E+00  0.854549E-02
  0.254356E+01  0.157081E+00  0.851703E-02
  0.254630E+01  0.154701E+00  0.859182E-02
  0.254904E+01  0.161904E+00  0.868317E-02
  0.255178E+01  0.153637E+00  0.859195E-02
  0.255452E+01  0.166268E+00  0.856692E-02
  0.255726E+01  0.151158E+00  0.856893E-02
  0.256000E+01  0.157078E+00  0.859392E-02
  0.256274E+01  0.168386E+00  0.859577E-02
  0.256548E+01  0.155757E+00  0.858271E-02
  0.256822E+01  0.164571E+00  0.854950E-02
  0.257096E+01  0.156694E+00  0.865267E-02
  0.257370E+01  0.156313E+00  0.864823E-02
  0.257644E+01  0.160556E+00  0.860972E-02
  0.257918E+01  0.152811E+00  0.868258E-02
  0.258192E+01  0.149355E+00  0.862408E-02
  0.258466E+01  0.163828E+00  0.873330E-02
  0.258740E+01  0.147848E+00  0.962305E-02
  0.259014E+01  0.154366E+00  0.100931E-01
  0.259288E+01  0.139585E+00  0.105794E-01
  0.259562E+01  0.160327E+00  0.108612E-01
  0.259836E+01  0.128800E+00  0.111193E-01
  0.260110E+01  0.151746E+00  0.115132E-01
  0.260384E+01  0.159393E+00  0.121582E-01
  0.260658E+01  0.146924E+00  0.121570E-01
  0.260932E+01  0.148224E+00  0.124384E-01
  0.261206E+01  0.165442E+00  0.127138E-01
  0.261480E+01  0.174996E+00  0.131721E-01
  0.261754E+01  0.143624E+00  0.133232E-01
  0.262028E+01  0.153447E+00  0.109250E-01
  0.262302E+01  0.154935E+00  0.104056E-01
  0.262576E+01  0.149863E+00  0.101198E-01
  0.262850E+01  0.139850E+00  0.977220E-02
  0.263124E+01  0.150604E+00  0.977309E-02
  0.263399E+01  0.146299E+00  0.967196E-02
  0.263673E+01  0.151870E+00  0.947210E-02
  0.263947E+01  0.163568E+00  0.958123E-02
  0.264221E+01  0.178889E+00  0.939248E-02
  0.264495E+01  0.160800E+00  0.932035E-02
  0.264769E+01  0.151071E+00  0.948697E-02
  0.265043E+01  0.160217E+00  0.926590E-02
  0.265317E+01  0.167030E+00  0.941650E-02
  0.265591E+01  0.142537E+00  0.923429E-02
  0.265865E+01  0.159261E+00  0.935672E-02
  0.266139E+01  0.148695E+00  0.928663E-02
  0.266413E+01  0.149757E+00  0.929171E-02
  0.266687E+01  0.143373E+00  0.907741E-02
  0.266961E+01  0.154064E+00  0.925915E-02
  0.267235E+01  0.144606E+00  0.921400E-02
  0.267509E+01  0.143326E+00  0.930964E-02
  0.267783E+01  0.136914E+00  0.922974E-02
  0.268057E+01  0.146785E+00  0.908969E-02
  0.268331E+01  0.140313E+00  0.930497E-02
  0.268605E+01  0.136138E+00  0.921807E-02
  0.268879E+01  0.138318E+00  0.906640E-02
  0.269153E+01  0.143432E+00  0.906210E-02
  0.269427E+01  0.143144E+00  0.931869E-02
  0.269701E+01  0.144597E+00  0.910009E-02
  0.269975E+01  0.150463E+00  0.918366E-02
  0.270249E+01  0.138956E+00  0.904638E-02
  0.270523E+01  0.127396E+00  0.901175E-02
  0.270797E+01  0.135280E+00  0.911625E-02
  0.271071E+01  0.132613E+00  0.912570E-02
  0.271345E+01  0.146974E+00  0.892226E-02
  0.271619E+01  0.133129E+00  0.901855E-02
  0.271893E+01  0.131257E+00  0.890827E-02
  0.272168E+01  0.130388E+00  0.888365E-02
  0.272442E+01  0.134606E+00  0.889496E-02
  0.272716E+01  0.140965E+00  0.889940E-02
  0.272990E+01  0.132669E+00  0.861575E-02
  0.273264E+01  0.141543E+00  0.873600E-02
  0.273538E+01  0.144835E+00  0.873675E-02
  0.273812E+01  0.126541E+00  0.868873E-02
  0.274086E+01  0.127616E+00  0.873328E-02
  0.274360E+01  0.133546E+00  0.845359E-02
  0.274634E+01  0.147777E+00  0.864258E-02
  0.274908E+01  0.122360E+00  0.851655E-02
  0.275182E+01  0.136728E+00  0.865780E-02
  0.275456E+01  0.138822E+00  0.866728E-02
  0.275730E+01  0.147789E+00  0.860846E-02
  0.276004E+01  0.145326E+00  0.865200E-02
  0.276278E+01  0.126862E+00  0.854721E-02
  0.276552E+01  0.122286E+00  0.864424E-02
  0.276826E+01  0.133890E+00  0.854471E-02
  0.277100E+01  0.133803E+00  0.863306E-02
  0.277374E+01  0.135227E+00  0.869665E-02
  0.277648E+01  0.132578E+00  0.858619E-02
  0.277922E+01  0.134426E+00  0.852316E-02
  0.278196E+01  0.124714E+00  0.843021E-02
  0.278470E+01  0.139412E+00  0.866554E-02
  0.278744E+01  0.122790E+00  0.861152E-02
  0.279018E+01  0.127826E+00  0.863251E-02
  0.279292E+01  0.127411E+00  0.861226E-02
  0.279566E+01  0.118039E+00  0.866204E-02
  0.279840E+01  0.132489E+00  0.857349E-02
  0.280114E+01  0.134487E+00  0.860009E-02
  0.280388E+01  0.144572E+00  0.853382E-02
  0.280662E+01  0.121228E+00  0.843689E-02
  0.280936E+01  0.128012E+00  0.846119E-02
  0.281211E+01  0.121354E+00  0.856562E-02
  0.281485E+01  0.121568E+00  0.835971E-02
  0.281759E+01  0.114196E+00  0.851012E-02
  0.282033E+01  0.119599E+00  0.856457E-02
  0.282307E+01  0.134862E+00  0.865013E-02
  0.282581E+01  0.127588E+00  0.855937E-02
  0.282855E+01  0.124593E+00  0.852565E-02
  0.283129E+01  0.122255E+00  0.850347E-02
  0.283403E+01  0.127419E+00  0.832115E-02
  0.283677E+01  0.136904E+00  0.856186E-02
  0.283951E+01  0.127702E+00  0.849581E-02
  0.284225E+01  0.117871E+00  0.854196E-02
  0.284499E+01  0.133651E+00  0.852260E-02
  0.284773E+01  0.116307E+00  0.843317E-02
  0.285047E+01  0.114876E+00  0.856057E-02
  0.285321E+01  0.107620E+00  0.841432E-02
  0.285595E+01  0.122049E+00  0.864876E-02
  0.285869E+01  0.115005E+00  0.850499E-02
  0.286143E+01  0.138179E+00  0.857740E-02
  0.286417E+01  0.123407E+00  0.831769E-02
  0.286691E+01  0.120016E+00  0.843177E-02
  0.286965E+01  0.124998E+00  0.856124E-02
  0.287239E+01  0.121853E+00  0.844236E-02
  0.287513E+01  0.114720E+00  0.850753E-02
  0.287787E+01  0.110169E+00  0.851762E-02
  0.288061E+01  0.119867E+00  0.842761E-02
  0.288335E+01  0.120466E+00  0.838263E-02
  0.288609E+01  0.112368E+00  0.857326E-02
  0.288883E+01  0.110357E+00  0.843096E-02
  0.289157E+01  0.109523E+00  0.845285E-02
  0.289431E+01  0.114345E+00  0.839134E-02
  0.289705E+01  0.127425E+00  0.844663E-02
  0.289980E+01  0.117043E+00  0.854986E-02
  0.290254E+01  0.119708E+00  0.848933E-02
  0.290528E+01  0.122123E+00  0.841568E-02
  0.290802E+01  0.115470E+00  0.847250E-02
  0.291076E+01  0.124695E+00  0.840154E-02
  0.291350E+01  0.117072E+00  0.837513E-02
  0.291624E+01  0.117273E+00  0.830659E-02
  0.291898E+01  0.117981E+00  0.842082E-02
  0.292172E+01  0.125154E+00  0.850865E-02
  0.292446E+01  0.126028E+00  0.836076E-02
  0.292720E+01  0.112324E+00  0.842369E-02
  0.292994E+01  0.124100E+00  0.847987E-02
  0.293268E+01  0.122662E+00  0.844282E-02
  0.293542E+01  0.117731E+00  0.844782E-02
  0.293816E+01  0.106903E+00  0.854117E-02
  0.294090E+01  0.120505E+00  0.840217E-02
  0.294364E+01  0.113396E+00  0.833847E-02
  0.294638E+01  0.115077E+00  0.839584E-02
  0.294912E+01  0.121234E+00  0.841436E-02
  0.295186E+01  0.113072E+00  0.842354E-02
  0.295460E+01  0.115319E+00  0.841180E-02
  0.295734E+01  0.123968E+00  0.845964E-02
  0.296008E+01  0.109567E+00  0.842040E-02
  0.296282E+01  0.127929E+00  0.849317E-02
  0.296556E+01  0.114474E+00  0.837120E-02
  0.296830E+01  0.119854E+00  0.838964E-02
  0.297104E+01  0.125306E+00  0.838256E-02
  0.297378E+01  0.131752E+00  0.858723E-02
  0.297652E+01  0.119854E+00  0.848422E-02
  0.297926E+01  0.113995E+00  0.833760E-02
  0.298200E+01  0.129275E+00  0.844601E-02
  0.298474E+01  0.126817E+00  0.851834E-02
  0.298749E+01  0.123579E+00  0.845983E-02
  0.299023E+01  0.117236E+00  0.843951E-02
  0.299297E+01  0.119305E+00  0.824638E-02
  0.299571E+01  0.122523E+00  0.849022E-02
  0.299845E+01  0.102415E+00  0.828730E-02
  0.300119E+01  0.123477E+00  0.834099E-02
  0.300393E+01  0.117341E+00  0.840460E-02
  0.300667E+01  0.112783E+00  0.833579E-02
  0.300941E+01  0.104110E+00  0.830497E-02
  0.301215E+01  0.117022E+00  0.838121E-02
  0.301489E+01  0.105188E+00  0.818583E-02
  0.301763E+01  0.109847E+00  0.828993E-02
  0.302037E+01  0.132984E+00  0.837446E-02
  0.302311E+01  0.110120E+00  0.818731E-02
  0.302585E+01  0.126541E+00  0.840339E-02
  0.302859E+01  0.112495E+00  0.832605E-02
  0.303133E+01  0.126394E+00  0.838868E-02
  0.303407E+01  0.117237E+00  0.827624E-02
  0.303681E+01  0.121181E+00  0.836902E-02
  0.303955E+01  0.109896E+00  0.842192E-02
  0.304229E+01  0.110257E+00  0.835744E-02
  0.304503E+01  0.114424E+00  0.845685E-02
  0.304777E+01  0.103528E+00  0.835064E-02
  0.305051E+01  0.113506E+00  0.840752E-02
  0.305325E+01  0.112568E+00  0.836055E-02
  0.305599E+01  0.109779E+00  0.839881E-02
  0.305873E+01  0.122343E+00  0.813738E-02
  0.306147E+01  0.104125E+00  0.837949E-02
  0.306421E+01  0.101929E+00  0.822559E-02
  0.306695E+01  0.108032E+00  0.829003E-02
  0.306969E+01  0.127466E+00  0.839996E-02
  0.307243E+01  0.131423E+00  0.839525E-02
  0.307517E+01  0.113755E+00  0.822205E-02
  0.307792E+01  0.106589E+00  0.836107E-02
  0.308066E+01  0.105847E+00  0.820514E-02
  0.308340E+01  0.112481E+00  0.846458E-02
  0.308614E+01  0.111596E+00  0.832507E-02
  0.308888E+01  0.115586E+00  0.837356E-02
  0.309162E+01  0.114896E+00  0.829981E-02
  0.309436E+01  0.132044E+00  0.840296E-02
  0.309710E+01  0.115408E+00  0.831408E-02
  0.309984E+01  0.115498E+00  0.850947E-02
  0.310258E+01  0.113787E+00  0.831533E-02
  0.310532E+01  0.112345E+00  0.834398E-02
  0.310806E+01  0.121856E+00  0.832743E-02
  0.311080E+01  0.108686E+00  0.833758E-02
  0.311354E+01  0.116095E+00  0.828493E-02
  0.311628E+01  0.122466E+00  0.841214E-02
  0.311902E+01  0.119489E+00  0.835559E-02
  0.312176E+01  0.114165E+00  0.832871E-02
  0.312450E+01  0.125317E+00  0.840282E-02
  0.312724E+01  0.121083E+00  0.820030E-02
  0.312998E+01  0.116450E+00  0.842923E-02
  0.313272E+01  0.126433E+00  0.842614E-02
  0.313546E+01  0.111350E+00  0.825687E-02
  0.313820E+01  0.131287E+00  0.839922E-02
  0.314094E+01  0.128262E+00  0.838297E-02
  0.314368E+01  0.108662E+00  0.831027E-02
  0.314642E+01  0.113923E+00  0.833601E-02
  0.314916E+01  0.116217E+00  0.823864E-02
  0.315190E+01  0.100132E+00  0.821995E-02
  0.315464E+01  0.121263E+00  0.835873E-02
  0.315738E+01  0.114211E+00  0.842952E-02
  0.316012E+01  0.110564E+00  0.835686E-02
  0.316286E+01  0.106214E+00  0.817477E-02
  0.316561E+01  0.110598E+00  0.818147E-02
  0.316835E+01  0.110341E+00  0.825079E-02
  0.317109E+01  0.108903E+00  0.831768E-02
  0.317383E+01  0.120243E+00  0.828702E-02
  0.317657E+01  0.108495E+00  0.832165E-02
  0.317931E+01  0.107141E+00  0.823110E-02
  0.318205E+01  0.112464E+00  0.833408E-02
  0.318479E+01  0.120769E+00  0.824334E-02
  0.318753E+01  0.123984E+00  0.831420E-02
  0.319027E+01  0.121603E+00  0.830268E-02
  0.319301E+01  0.965724E-01  0.829620E-02
  0.319575E+01  0.108043E+00  0.833533E-02
  0.319849E+01  0.114725E+00  0.823779E-02
  0.320123E+01  0.127729E+00  0.823515E-02
  0.320397E+01  0.115577E+00  0.827388E-02
  0.320671E+01  0.109868E+00  0.818618E-02
  0.320945E+01  0.118606E+00  0.835508E-02
  0.321219E+01  0.110241E+00  0.825884E-02
  0.321493E+01  0.129039E+00  0.830204E-02
  0.321767E+01  0.122768E+00  0.831579E-02
  0.322041E+01  0.120321E+00  0.824197E-02
  0.322315E+01  0.112126E+00  0.829861E-02
  0.322589E+01  0.105988E+00  0.830167E-02
  0.322863E+01  0.112800E+00  0.826740E-02
  0.323137E+01  0.106526E+00  0.814550E-02
  0.323411E+01  0.112687E+00  0.839375E-02
  0.323685E+01  0.118581E+00  0.826291E-02
  0.323959E+01  0.123443E+00  0.842389E-02
  0.324233E+01  0.111178E+00  0.827871E-02
  0.324507E+01  0.122088E+00  0.836866E-02
  0.324781E+01  0.123040E+00  0.829938E-02
  0.325055E+01  0.114192E+00  0.836347E-02
  0.325330E+01  0.108772E+00  0.820917E-02
  0.325604E+01  0.123005E+00  0.823493E-02
  0.325878E+01  0.105075E+00  0.821522E-02
  0.326152E+01  0.124629E+00  0.829060E-02
  0.326426E+01  0.114940E+00  0.820796E-02
  0.326700E+01  0.107856E+00  0.817456E-02
  0.326974E+01  0.111228E+00  0.829436E-02
  0.327248E+01  0.120673E+00  0.825283E-02
  0.327522E+01  0.112496E+00  0.829758E-02
  0.327796E+01  0.115612E+00  0.819309E-02
  0.328070E+01  0.121958E+00  0.829672E-02
  0.328344E+01  0.114494E+00  0.819208E-02
  0.328618E+01  0.101065E+00  0.811778E-02
  0.328892E+01  0.121958E+00  0.826732E-02
  0.329166E+01  0.114942E+00  0.811538E-02
  0.329440E+01  0.117544E+00  0.817720E-02
  0.329714E+01  0.117234E+00  0.816061E-02
  0.329988E+01  0.111687E+00  0.820805E-02
  0.330262E+01  0.124836E+00  0.822239E-02
  0.330536E+01  0.120259E+00  0.823069E-02
  0.330810E+01  0.104245E+00  0.814616E-02
  0.331084E+01  0.111792E+00  0.828681E-02
  0.331358E+01  0.109564E+00  0.814846E-02
  0.331632E+01  0.117829E+00  0.827296E-02
  0.331906E+01  0.119482E+00  0.809991E-02
  0.332180E+01  0.114554E+00  0.830152E-02
  0.332454E+01  0.118893E+00  0.822255E-02
  0.332728E+01  0.119984E+00  0.819976E-02
  0.333002E+01  0.125522E+00  0.820030E-02
  0.333276E+01  0.115382E+00  0.819695E-02
  0.333550E+01  0.117090E+00  0.827257E-02
  0.333824E+01  0.114838E+00  0.818924E-02
  0.334098E+01  0.124602E+00  0.804640E-02
  0.334373E+01  0.121067E+00  0.826580E-02
  0.334647E+01  0.124304E+00  0.829575E-02
  0.334921E+01  0.114790E+00  0.819661E-02
  0.335195E+01  0.125596E+00  0.822845E-02
  0.335469E+01  0.123586E+00  0.817118E-02
  0.335743E+01  0.121864E+00  0.836427E-02
  0.336017E+01  0.118114E+00  0.824898E-02
  0.336291E+01  0.118786E+00  0.819706E-02
  0.336565E+01  0.118271E+00  0.824368E-02
  0.336839E+01  0.112639E+00  0.829136E-02
  0.337113E+01  0.111933E+00  0.814174E-02
  0.337387E+01  0.128680E+00  0.829423E-02
  0.337661E+01  0.111884E+00  0.819987E-02
  0.337935E+01  0.110867E+00  0.815492E-02
  0.338209E+01  0.118117E+00  0.823963E-02
  0.338483E+01  0.117690E+00  0.835401E-02
  0.338757E+01  0.122169E+00  0.825411E-02
  0.339031E+01  0.124480E+00  0.824309E-02
  0.339305E+01  0.114780E+00  0.825469E-02
  0.339579E+01  0.113339E+00  0.818787E-02
  0.339853E+01  0.124518E+00  0.826315E-02
  0.340127E+01  0.120619E+00  0.812530E-02
  0.340401E+01  0.124326E+00  0.827581E-02
  0.340675E+01  0.110973E+00  0.811748E-02
  0.340949E+01  0.113113E+00  0.815945E-02
  0.341223E+01  0.120078E+00  0.830679E-02
  0.341497E+01  0.116315E+00  0.812386E-02
  0.341771E+01  0.116718E+00  0.814761E-02
  0.342045E+01  0.120814E+00  0.834876E-02
  0.342319E+01  0.102382E+00  0.815698E-02
  0.342593E+01  0.122332E+00  0.815764E-02
  0.342867E+01  0.113876E+00  0.814372E-02
  0.343142E+01  0.119666E+00  0.818718E-02
  0.343416E+01  0.111667E+00  0.820641E-02
  0.343690E+01  0.128131E+00  0.826121E-02
  0.343964E+01  0.129509E+00  0.823931E-02
  0.344238E+01  0.125070E+00  0.812555E-02
  0.344512E+01  0.123393E+00  0.822474E-02
  0.344786E+01  0.122168E+00  0.818464E-02
  0.345060E+01  0.115175E+00  0.818057E-02
  0.345334E+01  0.131275E+00  0.806844E-02
  0.345608E+01  0.121737E+00  0.811067E-02
  0.345882E+01  0.132825E+00  0.822931E-02
  0.346156E+01  0.119171E+00  0.826701E-02
  0.346430E+01  0.127758E+00  0.826242E-02
  0.346704E+01  0.131868E+00  0.826981E-02
  0.346978E+01  0.114776E+00  0.820315E-02
  0.347252E+01  0.135471E+00  0.836259E-02
  0.347526E+01  0.132764E+00  0.832594E-02
  0.347800E+01  0.116211E+00  0.817877E-02
  0.348074E+01  0.120193E+00  0.810182E-02
  0.348348E+01  0.129481E+00  0.806330E-02
  0.348622E+01  0.116768E+00  0.813905E-02
  0.348896E+01  0.120695E+00  0.810582E-02
  0.349170E+01  0.130169E+00  0.816970E-02
  0.349444E+01  0.133479E+00  0.831321E-02
  0.349718E+01  0.129238E+00  0.814446E-02
  0.349992E+01  0.132771E+00  0.817263E-02
  0.350266E+01  0.125496E+00  0.818791E-02
  0.350540E+01  0.126873E+00  0.805170E-02
  0.350814E+01  0.120627E+00  0.815825E-02
  0.351088E+01  0.121956E+00  0.814819E-02
  0.351362E+01  0.125496E+00  0.825441E-02
  0.351636E+01  0.126935E+00  0.815045E-02
  0.351910E+01  0.125509E+00  0.825406E-02
  0.352185E+01  0.130536E+00  0.829928E-02
  0.352459E+01  0.127591E+00  0.815720E-02
  0.352733E+01  0.132308E+00  0.813608E-02
  0.353007E+01  0.132674E+00  0.819930E-02
  0.353281E+01  0.123850E+00  0.815618E-02
  0.353555E+01  0.130349E+00  0.822971E-02
  0.353829E+01  0.131520E+00  0.819915E-02
  0.354103E+01  0.133436E+00  0.823029E-02
  0.354377E+01  0.131967E+00  0.823379E-02
  0.354651E+01  0.136925E+00  0.829433E-02
  0.354925E+01  0.138083E+00  0.817133E-02
  0.355199E+01  0.130258E+00  0.806017E-02
  0.355473E+01  0.126216E+00  0.806720E-02
  0.355747E+01  0.137271E+00  0.825603E-02
  0.356021E+01  0.132961E+00  0.810617E-02
  0.356295E+01  0.127145E+00  0.824361E-02
  0.356569E+01  0.134839E+00  0.822906E-02
  0.356843E+01  0.139436E+00  0.824092E-02
  0.357117E+01  0.135145E+00  0.838935E-02
  0.357391E+01  0.131485E+00  0.811088E-02
  0.357665E+01  0.135376E+00  0.829797E-02
  0.357939E+01  0.137946E+00  0.815807E-02
  0.358213E+01  0.139482E+00  0.806927E-02
  0.358487E+01  0.120585E+00  0.805463E-02
  0.358761E+01  0.136817E+00  0.821391E-02
  0.359035E+01  0.138982E+00  0.823815E-02
  0.359309E+01  0.139652E+00  0.804808E-02
  0.359583E+01  0.126446E+00  0.824212E-02
  0.359857E+01  0.117161E+00  0.819464E-02
  0.360131E+01  0.125506E+00  0.819367E-02
  0.360405E+01  0.142473E+00  0.833981E-02
  0.360679E+01  0.142405E+00  0.823129E-02
  0.360954E+01  0.148079E+00  0.820271E-02
  0.361228E+01  0.142871E+00  0.826254E-02
  0.361502E+01  0.121646E+00  0.812140E-02
  0.361776E+01  0.145700E+00  0.821843E-02
  0.362050E+01  0.139252E+00  0.814500E-02
  0.362324E+01  0.143584E+00  0.834957E-02
  0.362598E+01  0.147932E+00  0.833515E-02
  0.362872E+01  0.140826E+00  0.810612E-02
  0.363146E+01  0.142901E+00  0.820838E-02
  0.363420E+01  0.165307E+00  0.824971E-02
  0.363694E+01  0.147512E+00  0.814672E-02
  0.363968E+01  0.137855E+00  0.809474E-02
  0.364242E+01  0.141097E+00  0.826800E-02
  0.364516E+01  0.137713E+00  0.820760E-02
  0.364790E+01  0.151704E+00  0.829918E-02
  0.365064E+01  0.141121E+00  0.825357E-02
  0.365338E+01  0.132258E+00  0.812736E-02
  0.365612E+01  0.161020E+00  0.827758E-02
  0.365886E+01  0.143873E+00  0.829484E-02
  0.366160E+01  0.144361E+00  0.819214E-02
  0.366434E+01  0.152104E+00  0.824151E-02
  0.366708E+01  0.133077E+00  0.815647E-02
  0.366982E+01  0.150993E+00  0.829571E-02
  0.367256E+01  0.141952E+00  0.812763E-02
  0.367530E+01  0.144278E+00  0.815953E-02
  0.367804E+01  0.147343E+00  0.825155E-02
  0.368078E+01  0.152994E+00  0.820153E-02
  0.368352E+01  0.144393E+00  0.816165E-02
  0.368626E+01  0.141474E+00  0.818845E-02
  0.368900E+01  0.147616E+00  0.818934E-02
  0.369174E+01  0.153897E+00  0.825218E-02
  0.369448E+01  0.140236E+00  0.812475E-02
  0.369723E+01  0.160975E+00  0.832084E-02
  0.369997E+01  0.128541E+00  0.819228E-02
  0.370271E+01  0.157071E+00  0.821020E-02
  0.370545E+01  0.149725E+00  0.811535E-02
  0.370819E+01  0.158639E+00  0.819851E-02
  0.371093E+01  0.159775E+00  0.827377E-02
  0.371367E+01  0.150783E+00  0.819899E-02
  0.371641E+01  0.152123E+00  0.821491E-02
  0.371915E+01  0.149117E+00  0.825161E-02
  0.372189E+01  0.170773E+00  0.829916E-02
  0.372463E+01  0.142794E+00  0.820312E-02
  0.372737E+01  0.136846E+00  0.831013E-02
  0.373011E+01  0.157762E+00  0.838363E-02
  0.373285E+01  0.141100E+00  0.819593E-02
  0.373559E+01  0.148116E+00  0.825249E-02
  0.373833E+01  0.164412E+00  0.830719E-02
  0.374107E+01  0.150902E+00  0.820858E-02
  0.374381E+01  0.139841E+00  0.830952E-02
  0.374655E+01  0.155800E+00  0.827698E-02
  0.374929E+01  0.151255E+00  0.828804E-02
  0.375203E+01  0.152065E+00  0.825240E-02
  0.375477E+01  0.163222E+00  0.819307E-02
  0.375751E+01  0.161792E+00  0.837720E-02
  0.376025E+01  0.156862E+00  0.818078E-02
  0.376299E+01  0.168439E+00  0.827791E-02
  0.376573E+01  0.150984E+00  0.831509E-02
  0.376847E+01  0.162867E+00  0.825281E-02
  0.377121E+01  0.161018E+00  0.837656E-02
  0.377395E+01  0.166744E+00  0.826226E-02
  0.377669E+01  0.169475E+00  0.825633E-02
  0.377943E+01  0.166577E+00  0.820804E-02
  0.378217E+01  0.148243E+00  0.823832E-02
  0.378491E+01  0.156812E+00  0.820412E-02
  0.378766E+01  0.158208E+00  0.839228E-02
  0.379040E+01  0.155874E+00  0.822843E-02
  0.379314E+01  0.160978E+00  0.821428E-02
  0.379588E+01  0.172473E+00  0.841421E-02
  0.379862E+01  0.157136E+00  0.815824E-02
  0.380136E+01  0.169225E+00  0.823821E-02
  0.380410E+01  0.160380E+00  0.819400E-02
  0.380684E+01  0.154908E+00  0.822067E-02
  0.380958E+01  0.165183E+00  0.839145E-02
  0.381232E+01  0.169369E+00  0.832028E-02
  0.381506E+01  0.172748E+00  0.831319E-02
  0.381780E+01  0.150228E+00  0.829809E-02
  0.382054E+01  0.157824E+00  0.829026E-02
  0.382328E+01  0.171311E+00  0.826093E-02
  0.382602E+01  0.161701E+00  0.833062E-02
  0.382876E+01  0.164916E+00  0.836030E-02
  0.383150E+01  0.178445E+00  0.836708E-02
  0.383424E+01  0.170724E+00  0.836556E-02
  0.383698E+01  0.161509E+00  0.828410E-02
  0.383972E+01  0.169440E+00  0.832802E-02
  0.384246E+01  0.156820E+00  0.809540E-02
  0.384520E+01  0.172096E+00  0.822159E-02
  0.384794E+01  0.179067E+00  0.828380E-02
  0.385068E+01  0.165512E+00  0.825566E-02
  0.385342E+01  0.173648E+00  0.827817E-02
  0.385616E+01  0.169919E+00  0.814087E-02
  0.385890E+01  0.181584E+00  0.827256E-02
  0.386164E+01  0.159146E+00  0.815979E-02
  0.386438E+01  0.165062E+00  0.834448E-02
  0.386712E+01  0.163683E+00  0.812911E-02
  0.386986E+01  0.155310E+00  0.814352E-02
  0.387260E+01  0.169852E+00  0.820942E-02
  0.387535E+01  0.174793E+00  0.825379E-02
  0.387809E+01  0.186939E+00  0.832898E-02
  0.388083E+01  0.179643E+00  0.823561E-02
  0.388357E+01  0.184182E+00  0.844023E-02
  0.388631E+01  0.168661E+00  0.819452E-02
  0.388905E+01  0.155341E+00  0.823022E-02
  0.389179E+01  0.169033E+00  0.829634E-02
  0.389453E+01  0.161241E+00  0.832371E-02
  0.389727E+01  0.171708E+00  0.835833E-02
  0.390001E+01  0.175727E+00  0.826843E-02
  0.390275E+01  0.167074E+00  0.837627E-02
  0.390549E+01  0.170336E+00  0.822727E-02
  0.390823E+01  0.180772E+00  0.828916E-02
  0.391097E+01  0.166139E+00  0.822862E-02
  0.391371E+01  0.178961E+00  0.813718E-02
  0.391645E+01  0.176004E+00  0.834513E-02
  0.391919E+01  0.184004E+00  0.835821E-02
  0.392193E+01  0.164693E+00  0.836488E-02
  0.392467E+01  0.171813E+00  0.817391E-02
  0.392741E+01  0.165002E+00  0.824412E-02
  0.393015E+01  0.180494E+00  0.835677E-02
  0.393289E+01  0.164902E+00  0.820169E-02
  0.393563E+01  0.167757E+00  0.832648E-02
  0.393837E+01  0.160276E+00  0.817324E-02
  0.394111E+01  0.171706E+00  0.819802E-02
  0.394385E+01  0.171692E+00  0.951321E-02
  0.394659E+01  0.161780E+00  0.102178E-01
  0.394933E+01  0.165014E+00  0.104669E-01
  0.395207E+01  0.181773E+00  0.114687E-01
  0.395481E+01  0.174132E+00  0.117520E-01
  0.395755E+01  0.191859E+00  0.124890E-01
  0.396029E+01  0.185621E+00  0.126487E-01
  0.396304E+01  0.180169E+00  0.133552E-01
  0.396578E+01  0.181348E+00  0.134148E-01
  0.396852E+01  0.199631E+00  0.141257E-01
  0.397126E+01  0.178734E+00  0.108160E-01
  0.397400E+01  0.185314E+00  0.989038E-02
  0.397674E+01  0.182512E+00  0.969798E-02
  0.397948E+01  0.185482E+00  0.949026E-02
  0.398222E+01  0.187727E+00  0.950138E-02
  0.398496E+01  0.173998E+00  0.929108E-02
  0.398770E+01  0.189006E+00  0.935289E-02
  0.399044E+01  0.194530E+00  0.933627E-02
  0.399318E+01  0.204072E+00  0.928376E-02
  0.399592E+01  0.169533E+00  0.903249E-02
  0.399866E+01  0.183605E+00  0.912616E-02
  0.400140E+01  0.180283E+00  0.926544E-02
  0.400414E+01  0.188494E+00  0.890823E-02
  0.400688E+01  0.190764E+00  0.891982E-02
  0.400962E+01  0.177898E+00  0.899105E-02
  0.401236E+01  0.168763E+00  0.899917E-02
  0.401510E+01  0.180035E+00  0.887082E-02
  0.401784E+01  0.176985E+00  0.894558E-02
  0.402058E+01  0.168062E+00  0.878507E-02
  0.402332E+01  0.183513E+00  0.892813E-02
  0.402606E+01  0.186971E+00  0.889677E-02
  0.402880E+01  0.170591E+00  0.865975E-02
  0.403154E+01  0.187627E+00  0.869278E-02
  0.403428E+01  0.172904E+00  0.860844E-02
  0.403702E+01  0.199179E+00  0.862756E-02
  0.403976E+01  0.191916E+00  0.856499E-02
  0.404250E+01  0.171093E+00  0.834022E-02
  0.404524E+01  0.179088E+00  0.829497E-02
  0.404798E+01  0.188054E+00  0.847709E-02
  0.405072E+01  0.183368E+00  0.827289E-02
  0.405347E+01  0.184193E+00  0.831521E-02
  0.405621E+01  0.181013E+00  0.835661E-02
  0.405895E+01  0.197379E+00  0.836529E-02
  0.406169E+01  0.166676E+00  0.819665E-02
  0.406443E+01  0.184261E+00  0.839467E-02
  0.406717E+01  0.185446E+00  0.832686E-02
  0.406991E+01  0.181341E+00  0.836817E-02
  0.407265E+01  0.198110E+00  0.839855E-02
  0.407539E+01  0.192761E+00  0.843084E-02
  0.407813E+01  0.191655E+00  0.835901E-02
  0.408087E+01  0.184071E+00  0.836391E-02
  0.408361E+01  0.194676E+00  0.824451E-02
  0.408635E+01  0.188499E+00  0.829110E-02
  0.408909E+01  0.185819E+00  0.830490E-02
  0.409183E+01  0.190610E+00  0.831787E-02
  0.409457E+01  0.192565E+00  0.834328E-02
  0.409731E+01  0.190445E+00  0.830155E-02
  0.410005E+01  0.176951E+00  0.832524E-02
  0.410279E+01  0.189127E+00  0.835863E-02
  0.410553E+01  0.191575E+00  0.835654E-02
  0.410827E+01  0.197440E+00  0.848141E-02
  0.411101E+01  0.182556E+00  0.832633E-02
  0.411375E+01  0.195776E+00  0.839753E-02
  0.411649E+01  0.200803E+00  0.843908E-02
  0.411923E+01  0.190812E+00  0.834855E-02
  0.412197E+01  0.182211E+00  0.835281E-02
  0.412471E+01  0.194393E+00  0.836656E-02
  0.412745E+01  0.188058E+00  0.816646E-02
  0.413019E+01  0.186060E+00  0.827277E-02
  0.413293E+01  0.192458E+00  0.830282E-02
  0.413567E+01  0.196069E+00  0.825630E-02
  0.413841E+01  0.190145E+00  0.828388E-02
  0.414116E+01  0.185042E+00  0.829330E-02
  0.414390E+01  0.197251E+00  0.845317E-02
  0.414664E+01  0.197301E+00  0.841509E-02
  0.414938E+01  0.185502E+00  0.836092E-02
  0.415212E+01  0.191958E+00  0.838543E-02
  0.415486E+01  0.195204E+00  0.839420E-02
  0.415760E+01  0.189942E+00  0.822513E-02
  0.416034E+01  0.199109E+00  0.838917E-02
  0.416308E+01  0.201006E+00  0.831374E-02
  0.416582E+01  0.194936E+00  0.837784E-02
  0.416856E+01  0.190845E+00  0.836065E-02
  0.417130E+01  0.193110E+00  0.838939E-02
  0.417404E+01  0.197636E+00  0.827496E-02
  0.417678E+01  0.189651E+00  0.823242E-02
  0.417952E+01  0.187164E+00  0.833333E-02
  0.418226E+01  0.184977E+00  0.832111E-02
  0.418500E+01  0.184835E+00  0.817418E-02
  0.418774E+01  0.199258E+00  0.828831E-02
  0.419048E+01  0.206279E+00  0.832616E-02
  0.419322E+01  0.187945E+00  0.844420E-02
  0.419596E+01  0.192190E+00  0.826491E-02
  0.419870E+01  0.184230E+00  0.829276E-02
  0.420144E+01  0.171349E+00  0.811173E-02
  0.420418E+01  0.193147E+00  0.827627E-02
  0.420692E+01  0.188303E+00  0.818263E-02
  0.420966E+01  0.183805E+00  0.830775E-02
  0.421240E+01  0.195527E+00  0.852957E-02
  0.421514E+01  0.194508E+00  0.815441E-02
  0.421788E+01  0.199739E+00  0.833996E-02
  0.422062E+01  0.201409E+00  0.827901E-02
  0.422336E+01  0.173543E+00  0.818240E-02
  0.422610E+01  0.183764E+00  0.822688E-02
  0.422884E+01  0.194334E+00  0.837458E-02
  0.423159E+01  0.189442E+00  0.825271E-02
  0.423433E+01  0.188081E+00  0.822541E-02
  0.423707E+01  0.195929E+00  0.825200E-02
  0.423981E+01  0.192966E+00  0.828305E-02
  0.424255E+01  0.183407E+00  0.833099E-02
  0.424529E+01  0.183109E+00  0.827319E-02
  0.424803E+01  0.185397E+00  0.827978E-02
  0.425077E+01  0.192640E+00  0.830138E-02
  0.425351E+01  0.183738E+00  0.812677E-02
  0.425625E+01  0.179175E+00  0.830612E-02
  0.425899E+01  0.181981E+00  0.811801E-02
  0.426173E+01  0.191248E+00  0.836052E-02
  0.426447E+01  0.187118E+00  0.827956E-02
  0.426721E+01  0.166971E+00  0.782857E-02
  0.426995E+01  0.189891E+00  0.820373E-02
  0.427269E+01  0.203257E+00  0.837689E-02
  0.427543E+01  0.189387E+00  0.830875E-02
  0.427817E+01  0.183419E+00  0.810267E-02
  0.428091E+01  0.180039E+00  0.819255E-02
  0.428365E+01  0.197456E+00  0.837531E-02
  0.428639E+01  0.209245E+00  0.835583E-02
  0.428913E+01  0.186895E+00  0.833463E-02
  0.429187E+01  0.190701E+00  0.814245E-02
  0.429461E+01  0.187535E+00  0.828018E-02
  0.429735E+01  0.192742E+00  0.829218E-02
  0.430009E+01  0.195235E+00  0.824860E-02
  0.430283E+01  0.193879E+00  0.824048E-02
  0.430557E+01  0.182797E+00  0.818453E-02
  0.430831E+01  0.187303E+00  0.820852E-02
  0.431105E+01  0.182846E+00  0.820489E-02
  0.431379E+01  0.188833E+00  0.834858E-02
  0.431653E+01  0.193465E+00  0.817205E-02
  0.431928E+01  0.193900E+00  0.831943E-02
  0.432202E+01  0.183949E+00  0.822450E-02
  0.432476E+01  0.185290E+00  0.821920E-02
  0.432750E+01  0.188335E+00  0.823152E-02
  0.433024E+01  0.183974E+00  0.815770E-02
  0.433298E+01  0.198665E+00  0.833314E-02
  0.433572E+01  0.183541E+00  0.829994E-02
  0.433846E+01  0.198308E+00  0.826804E-02
  0.434120E+01  0.181402E+00  0.818408E-02
  0.434394E+01  0.184183E+00  0.823138E-02
  0.434668E+01  0.180300E+00  0.834051E-02
  0.434942E+01  0.194063E+00  0.826232E-02
  0.435216E+01  0.186862E+00  0.823838E-02
  0.435490E+01  0.190704E+00  0.829118E-02
  0.435764E+01  0.189953E+00  0.829944E-02
  0.436038E+01  0.184064E+00  0.810401E-02
  0.436312E+01  0.179589E+00  0.797740E-02
  0.436586E+01  0.189158E+00  0.822102E-02
  0.436860E+01  0.178486E+00  0.804811E-02
  0.437134E+01  0.185702E+00  0.816479E-02
  0.437408E+01  0.186525E+00  0.815523E-02
  0.437682E+01  0.178766E+00  0.825046E-02
  0.437956E+01  0.178049E+00  0.815466E-02
  0.438230E+01  0.178346E+00  0.813387E-02
  0.438504E+01  0.187382E+00  0.814343E-02
  0.438778E+01  0.175828E+00  0.798525E-02
  0.439052E+01  0.194256E+00  0.831998E-02
  0.439326E+01  0.190343E+00  0.809262E-02
  0.439600E+01  0.186467E+00  0.805813E-02
  0.439874E+01  0.185433E+00  0.797990E-02
  0.440148E+01  0.180493E+00  0.817149E-02
  0.440422E+01  0.191974E+00  0.815559E-02
  0.440697E+01  0.178880E+00  0.815058E-02
  0.440971E+01  0.185597E+00  0.815321E-02
  0.441245E+01  0.183015E+00  0.824675E-02
  0.441519E+01  0.189114E+00  0.809182E-02
  0.441793E+01  0.198714E+00  0.818006E-02
  0.442067E+01  0.188533E+00  0.809763E-02
  0.442341E+01  0.190604E+00  0.815538E-02
  0.442615E+01  0.183070E+00  0.815356E-02
  0.442889E+01  0.192224E+00  0.808911E-02
  0.443163E+01  0.179957E+00  0.813376E-02
  0.443437E+01  0.174891E+00  0.813048E-02
  0.443711E+01  0.179379E+00  0.812984E-02
  0.443985E+01  0.188332E+00  0.824142E-02
  0.444259E+01  0.187679E+00  0.822757E-02
  0.444533E+01  0.174383E+00  0.810164E-02
  0.444807E+01  0.190914E+00  0.802372E-02
  0.445081E+01  0.177925E+00  0.817258E-02
  0.445355E+01  0.167195E+00  0.806802E-02
  0.445629E+01  0.188167E+00  0.816798E-02
  0.445903E+01  0.176180E+00  0.806167E-02
  0.446177E+01  0.189450E+00  0.799421E-02
  0.446451E+01  0.179714E+00  0.808616E-02
  0.446725E+01  0.172178E+00  0.801775E-02
  0.446999E+01  0.178357E+00  0.813615E-02
  0.447273E+01  0.188398E+00  0.810301E-02
  0.447547E+01  0.179491E+00  0.806890E-02
  0.447821E+01  0.178271E+00  0.803221E-02
  0.448095E+01  0.182935E+00  0.821093E-02
  0.448369E+01  0.183152E+00  0.799569E-02
  0.448643E+01  0.180104E+00  0.800350E-02
  0.448917E+01  0.171023E+00  0.805901E-02
  0.449191E+01  0.175986E+00  0.810611E-02
  0.449465E+01  0.165931E+00  0.805803E-02
  0.449740E+01  0.174299E+00  0.814911E-02
  0.450014E+01  0.158154E+00  0.803768E-02
  0.450288E+01  0.172453E+00  0.790456E-02
  0.450562E+01  0.178412E+00  0.807052E-02
  0.450836E+01  0.187008E+00  0.817443E-02
  0.451110E+01  0.166707E+00  0.798280E-02
  0.451384E+01  0.173079E+00  0.806260E-02
  0.451658E+01  0.182051E+00  0.817475E-02
  0.451932E+01  0.173900E+00  0.817319E-02
  0.452206E+01  0.169333E+00  0.806499E-02
  0.452480E+01  0.170041E+00  0.803162E-02
  0.452754E+01  0.183603E+00  0.810652E-02
  0.453028E+01  0.166186E+00  0.795189E-02
  0.453302E+01  0.173926E+00  0.818294E-02
  0.453576E+01  0.187130E+00  0.817262E-02
  0.453850E+01  0.179127E+00  0.815772E-02
  0.454124E+01  0.190735E+00  0.809543E-02
  0.454398E+01  0.169445E+00  0.802929E-02
  0.454672E+01  0.169373E+00  0.806054E-02
  0.454946E+01  0.164138E+00  0.797652E-02
  0.455220E+01  0.175307E+00  0.823710E-02
  0.455494E+01  0.159432E+00  0.791025E-02
  0.455768E+01  0.187868E+00  0.825519E-02
  0.456042E+01  0.172197E+00  0.796085E-02
  0.456316E+01  0.174786E+00  0.806694E-02
  0.456590E+01  0.176511E+00  0.806783E-02
  0.456864E+01  0.163964E+00  0.801333E-02
  0.457138E+01  0.161516E+00  0.825468E-02
  0.457412E+01  0.176072E+00  0.816869E-02
  0.457686E+01  0.170850E+00  0.813867E-02
  0.457960E+01  0.181986E+00  0.837495E-02
  0.458234E+01  0.176561E+00  0.828523E-02
  0.458509E+01  0.176023E+00  0.828498E-02
  0.458783E+01  0.174703E+00  0.840303E-02
  0.459057E+01  0.185366E+00  0.851304E-02
  0.459331E+01  0.169805E+00  0.858551E-02
  0.459605E+01  0.180614E+00  0.861926E-02
  0.459879E+01  0.166148E+00  0.859107E-02
  0.460153E+01  0.177257E+00  0.875257E-02
  0.460427E+01  0.152994E+00  0.851975E-02
  0.460701E+01  0.162400E+00  0.849965E-02
  0.460975E+01  0.177743E+00  0.856932E-02
  0.461249E+01  0.164500E+00  0.846647E-02
  0.461523E+01  0.160612E+00  0.830350E-02
  0.461797E+01  0.155118E+00  0.813522E-02
  0.462071E+01  0.172556E+00  0.826634E-02
  0.462345E+01  0.176132E+00  0.824063E-02
  0.462619E+01  0.172279E+00  0.829409E-02
  0.462893E+01  0.161013E+00  0.815856E-02
  0.463167E+01  0.151369E+00  0.804690E-02
  0.463441E+01  0.157763E+00  0.820577E-02
  0.463715E+01  0.158125E+00  0.798847E-02
  0.463989E+01  0.156701E+00  0.798212E-02
  0.464263E+01  0.159231E+00  0.786239E-02
  0.464537E+01  0.166278E+00  0.803059E-02
  0.464811E+01  0.146348E+00  0.778923E-02
  0.465085E+01  0.175935E+00  0.799002E-02
  0.465359E+01  0.155876E+00  0.796234E-02
  0.465633E+01  0.171373E+00  0.795299E-02
  0.465907E+01  0.160021E+00  0.793132E-02
  0.466181E+01  0.168919E+00  0.802914E-02
  0.466455E+01  0.152654E+00  0.795921E-02
  0.466729E+01  0.165707E+00  0.797508E-02
  0.467003E+01  0.158827E+00  0.799769E-02
  0.467278E+01  0.152562E+00  0.801886E-02
  0.467552E+01  0.157711E+00  0.806727E-02
  0.467826E+01  0.176431E+00  0.807012E-02
  0.468100E+01  0.166121E+00  0.796448E-02
  0.468374E+01  0.173715E+00  0.811201E-02
  0.468648E+01  0.140275E+00  0.794735E-02
  0.468922E+01  0.155348E+00  0.793289E-02
  0.469196E+01  0.164876E+00  0.796329E-02
  0.469470E+01  0.167554E+00  0.787018E-02
  0.469744E+01  0.163436E+00  0.792486E-02
  0.470018E+01  0.162126E+00  0.797493E-02
  0.470292E+01  0.157814E+00  0.799605E-02
  0.470566E+01  0.143856E+00  0.800263E-02
  0.470840E+01  0.165061E+00  0.798902E-02
  0.471114E+01  0.161192E+00  0.796501E-02
  0.471388E+01  0.151261E+00  0.791614E-02
  0.471662E+01  0.164113E+00  0.809479E-02
  0.471936E+01  0.154703E+00  0.795673E-02
  0.472210E+01  0.163405E+00  0.796528E-02
  0.472484E+01  0.161429E+00  0.809422E-02
  0.472758E+01  0.174216E+00  0.807019E-02
  0.473032E+01  0.150415E+00  0.788094E-02
  0.473306E+01  0.172703E+00  0.806933E-02
  0.473580E+01  0.153516E+00  0.789862E-02
  0.473854E+01  0.148076E+00  0.801385E-02
  0.474128E+01  0.143700E+00  0.780304E-02
  0.474402E+01  0.152319E+00  0.793916E-02
  0.474676E+01  0.171713E+00  0.797851E-02
  0.474950E+01  0.158840E+00  0.803042E-02
  0.475224E+01  0.164021E+00  0.800507E-02
  0.475498E+01  0.155547E+00  0.791183E-02
  0.475772E+01  0.161595E+00  0.799336E-02
  0.476046E+01  0.153981E+00  0.801286E-02
  0.476321E+01  0.156376E+00  0.808386E-02
  0.476595E+01  0.142174E+00  0.788343E-02
  0.476869E+01  0.152971E+00  0.805343E-02
  0.477143E+01  0.160780E+00  0.801774E-02
  0.477417E+01  0.163480E+00  0.798307E-02
  0.477691E+01  0.152067E+00  0.786924E-02
  0.477965E+01  0.161525E+00  0.786484E-02
  0.478239E+01  0.157556E+00  0.778225E-02
  0.478513E+01  0.152359E+00  0.798932E-02
  0.478787E+01  0.153432E+00  0.785108E-02
  0.479061E+01  0.161565E+00  0.788286E-02
  0.479335E+01  0.158595E+00  0.789035E-02
  0.479609E+01  0.137279E+00  0.784724E-02
  0.479883E+01  0.161985E+00  0.799340E-02
  0.480157E+01  0.147610E+00  0.785535E-02
  0.480431E+01  0.146584E+00  0.793899E-02
  0.480705E+01  0.144225E+00  0.785455E-02
  0.480979E+01  0.157825E+00  0.792473E-02
  0.481253E+01  0.147874E+00  0.798516E-02
  0.481527E+01  0.141006E+00  0.787105E-02
  0.481801E+01  0.154342E+00  0.797853E-02
  0.482075E+01  0.157779E+00  0.789481E-02
  0.482349E+01  0.150403E+00  0.793134E-02
  0.482623E+01  0.145982E+00  0.792757E-02
  0.482897E+01  0.147984E+00  0.803146E-02
  0.483171E+01  0.147313E+00  0.798130E-02
  0.483445E+01  0.152634E+00  0.804410E-02
  0.483719E+01  0.133967E+00  0.787870E-02
  0.483993E+01  0.155826E+00  0.789919E-02
  0.484267E+01  0.152180E+00  0.791685E-02
  0.484541E+01  0.144758E+00  0.797548E-02
  0.484815E+01  0.142716E+00  0.791428E-02
  0.485090E+01  0.149614E+00  0.783904E-02
  0.485364E+01  0.142241E+00  0.793751E-02
  0.485638E+01  0.149345E+00  0.781452E-02
  0.485912E+01  0.139353E+00  0.788204E-02
  0.486186E+01  0.148039E+00  0.784955E-02
  0.486460E+01  0.147100E+00  0.793608E-02
  0.486734E+01  0.136653E+00  0.792384E-02
  0.487008E+01  0.138629E+00  0.784407E-02
  0.487282E+01  0.151030E+00  0.792777E-02
  0.487556E+01  0.151325E+00  0.784149E-02
  0.487830E+01  0.143124E+00  0.783969E-02
  0.488104E+01  0.145607E+00  0.785221E-02
  0.488378E+01  0.141560E+00  0.787812E-02
  0.488652E+01  0.141277E+00  0.803434E-02
  0.488926E+01  0.148162E+00  0.777332E-02
  0.489200E+01  0.131183E+00  0.786521E-02
  0.489474E+01  0.137062E+00  0.795270E-02
  0.489748E+01  0.156313E+00  0.785422E-02
  0.490022E+01  0.136643E+00  0.779755E-02
  0.490296E+01  0.145904E+00  0.787060E-02
  0.490570E+01  0.154861E+00  0.795364E-02
  0.490844E+01  0.150011E+00  0.779741E-02
  0.491118E+01  0.140035E+00  0.791183E-02
  0.491392E+01  0.132075E+00  0.793756E-02
  0.491666E+01  0.151144E+00  0.786008E-02
  0.491940E+01  0.133486E+00  0.787846E-02
  0.492214E+01  0.139840E+00  0.787361E-02
  0.492488E+01  0.131317E+00  0.795454E-02
  0.492762E+01  0.147157E+00  0.795245E-02
  0.493036E+01  0.146023E+00  0.781376E-02
  0.493310E+01  0.136835E+00  0.792309E-02
  0.493584E+01  0.134085E+00  0.787559E-02
  0.493858E+01  0.147289E+00  0.787528E-02
  0.494133E+01  0.141277E+00  0.790896E-02
  0.494407E+01  0.134866E+00  0.775052E-02
  0.494681E+01  0.144612E+00  0.789107E-02
  0.494955E+01  0.146995E+00  0.777633E-02
  0.495229E+01  0.140056E+00  0.790312E-02
  0.495503E+01  0.140172E+00  0.788639E-02
  0.495777E+01  0.137959E+00  0.788081E-02
  0.496051E+01  0.138100E+00  0.780522E-02
  0.496325E+01  0.144891E+00  0.784548E-02
  0.496599E+01  0.144254E+00  0.805882E-02
  0.496873E+01  0.139790E+00  0.769717E-02
  0.497147E+01  0.134175E+00  0.783437E-02
  0.497421E+01  0.150519E+00  0.781316E-02
  0.497695E+01  0.140343E+00  0.795107E-02
  0.497969E+01  0.129999E+00  0.784603E-02
  0.498243E+01  0.151805E+00  0.798604E-02
  0.498517E+01  0.138845E+00  0.786111E-02
  0.498791E+01  0.135433E+00  0.778244E-02
  0.499065E+01  0.135522E+00  0.778484E-02
  0.499339E+01  0.132401E+00  0.787984E-02
  0.499613E+01  0.118841E+00  0.772788E-02
  0.499887E+01  0.129468E+00  0.778238E-02
  0.500161E+01  0.127415E+00  0.781677E-02
  0.500435E+01  0.126549E+00  0.769550E-02
  0.500709E+01  0.131528E+00  0.769211E-02
  0.500983E+01  0.137720E+00  0.787711E-02
  0.501257E+01  0.130589E+00  0.779258E-02
  0.501531E+01  0.123603E+00  0.771814E-02
  0.501805E+01  0.124572E+00  0.768928E-02
  0.502079E+01  0.132879E+00  0.787841E-02
  0.502353E+01  0.139749E+00  0.788099E-02
  0.502627E+01  0.134840E+00  0.790185E-02
  0.502902E+01  0.124936E+00  0.769513E-02
  0.503176E+01  0.133495E+00  0.776657E-02
  0.503450E+01  0.133083E+00  0.771130E-02
  0.503724E+01  0.128332E+00  0.774227E-02
  0.503998E+01  0.137078E+00  0.786723E-02
  0.504272E+01  0.130946E+00  0.753641E-02
  0.504546E+01  0.131185E+00  0.778098E-02
  0.504820E+01  0.137909E+00  0.777878E-02
  0.505094E+01  0.138499E+00  0.780714E-02
  0.505368E+01  0.137737E+00  0.786114E-02
  0.505642E+01  0.136314E+00  0.778769E-02
  0.505916E+01  0.131590E+00  0.787069E-02
  0.506190E+01  0.139134E+00  0.775587E-02
  0.506464E+01  0.127463E+00  0.777983E-02
  0.506738E+01  0.135968E+00  0.783832E-02
  0.507012E+01  0.141770E+00  0.791002E-02
  0.507286E+01  0.132065E+00  0.786743E-02
  0.507560E+01  0.131944E+00  0.775237E-02
  0.507834E+01  0.123145E+00  0.782862E-02
  0.508108E+01  0.119911E+00  0.765180E-02
  0.508382E+01  0.130074E+00  0.780626E-02
  0.508656E+01  0.131273E+00  0.780483E-02
  0.508930E+01  0.140004E+00  0.786624E-02
  0.509204E+01  0.119001E+00  0.775041E-02
  0.509478E+01  0.135040E+00  0.779478E-02
  0.509752E+01  0.140290E+00  0.775083E-02
  0.510026E+01  0.140356E+00  0.777704E-02
  0.510300E+01  0.127465E+00  0.787167E-02
  0.510574E+01  0.127224E+00  0.785393E-02
  0.510848E+01  0.128919E+00  0.776772E-02
  0.511122E+01  0.132113E+00  0.781096E-02
  0.511396E+01  0.135004E+00  0.785873E-02
  0.511671E+01  0.122183E+00  0.773072E-02
  0.511945E+01  0.124185E+00  0.777124E-02
  0.512219E+01  0.118214E+00  0.777448E-02
  0.512493E+01  0.121251E+00  0.779621E-02
  0.512767E+01  0.120722E+00  0.763285E-02
  0.513041E+01  0.115428E+00  0.773515E-02
  0.513315E+01  0.122284E+00  0.777027E-02
  0.513589E+01  0.132810E+00  0.777501E-02
  0.513863E+01  0.120500E+00  0.771185E-02
  0.514137E+01  0.133025E+00  0.783975E-02
  0.514411E+01  0.139347E+00  0.784201E-02
  0.514685E+01  0.135803E+00  0.787267E-02
  0.514959E+01  0.132152E+00  0.770396E-02
  0.515233E+01  0.109935E+00  0.772229E-02
  0.515507E+01  0.128763E+00  0.779944E-02
  0.515781E+01  0.124408E+00  0.778575E-02
  0.516055E+01  0.124075E+00  0.771171E-02
  0.516329E+01  0.135591E+00  0.780104E-02
  0.516603E+01  0.127725E+00  0.776613E-02
  0.516877E+01  0.121053E+00  0.772808E-02
  0.517151E+01  0.131304E+00  0.763418E-02
  0.517425E+01  0.135061E+00  0.784972E-02
  0.517699E+01  0.133151E+00  0.780232E-02
  0.517973E+01  0.125688E+00  0.786945E-02
  0.518247E+01  0.127977E+00  0.779502E-02
  0.518521E+01  0.128947E+00  0.775700E-02
  0.518795E+01  0.130581E+00  0.780930E-02
  0.519069E+01  0.133803E+00  0.785978E-02
  0.519343E+01  0.138300E+00  0.781043E-02
  0.519617E+01  0.128107E+00  0.775877E-02
  0.519891E+01  0.135871E+00  0.787872E-02
  0.520165E+01  0.135848E+00  0.783860E-02
  0.520439E+01  0.119687E+00  0.778369E-02
  0.520714E+01  0.135901E+00  0.776986E-02
  0.520988E+01  0.125611E+00  0.774110E-02
  0.521262E+01  0.125109E+00  0.763910E-02
  0.521536E+01  0.128286E+00  0.783264E-02
  0.521810E+01  0.124123E+00  0.765856E-02
  0.522084E+01  0.141530E+00  0.786248E-02
  0.522358E+01  0.123180E+00  0.773387E-02
  0.522632E+01  0.130732E+00  0.783746E-02
  0.522906E+01  0.121847E+00  0.779485E-02
  0.523180E+01  0.132575E+00  0.773612E-02
  0.523454E+01  0.125918E+00  0.770681E-02
  0.523728E+01  0.127588E+00  0.794913E-02
  0.524002E+01  0.132239E+00  0.779153E-02
  0.524276E+01  0.127471E+00  0.776916E-02
  0.524550E+01  0.131717E+00  0.777772E-02
  0.524824E+01  0.143417E+00  0.780191E-02
  0.525098E+01  0.116729E+00  0.769467E-02
  0.525372E+01  0.134534E+00  0.776075E-02
  0.525646E+01  0.128897E+00  0.780168E-02
  0.525920E+01  0.127057E+00  0.780276E-02
  0.526194E+01  0.128923E+00  0.777386E-02
  0.526468E+01  0.134363E+00  0.786523E-02
  0.526742E+01  0.125701E+00  0.787601E-02
  0.527016E+01  0.131806E+00  0.773733E-02
  0.527290E+01  0.130869E+00  0.780500E-02
  0.527564E+01  0.129873E+00  0.788381E-02
  0.527838E+01  0.123069E+00  0.780154E-02
  0.528112E+01  0.137843E+00  0.787984E-02
  0.528386E+01  0.136345E+00  0.783913E-02
  0.528660E+01  0.127292E+00  0.789840E-02
  0.528934E+01  0.137377E+00  0.781781E-02
  0.529208E+01  0.128845E+00  0.782873E-02
  0.529483E+01  0.123209E+00  0.790291E-02
  0.529757E+01  0.126647E+00  0.914310E-02
  0.530031E+01  0.126870E+00  0.991157E-02
  0.530305E+01  0.135257E+00  0.108058E-01
  0.530579E+01  0.131507E+00  0.113275E-01
  0.530853E+01  0.123868E+00  0.118185E-01
  0.531127E+01  0.129931E+00  0.119732E-01
  0.531401E+01  0.102993E+00  0.126490E-01
  0.531675E+01  0.138637E+00  0.135469E-01
  0.531949E+01  0.137937E+00  0.139333E-01
  0.532223E+01  0.124452E+00  0.983635E-02
  0.532497E+01  0.143112E+00  0.941641E-02
  0.532771E+01  0.150037E+00  0.915079E-02
  0.533045E+01  0.129246E+00  0.887492E-02
  0.533319E+01  0.144558E+00  0.880270E-02
  0.533593E+01  0.143340E+00  0.867283E-02
  0.533867E+01  0.139536E+00  0.873412E-02
  0.534141E+01  0.125966E+00  0.865142E-02
  0.534415E+01  0.137465E+00  0.853610E-02
  0.534689E+01  0.150894E+00  0.873646E-02
  0.534963E+01  0.118710E+00  0.832345E-02
  0.535237E+01  0.133449E+00  0.861482E-02
  0.535511E+01  0.135680E+00  0.860639E-02
  0.535785E+01  0.134825E+00  0.842390E-02
  0.536059E+01  0.138896E+00  0.836866E-02
  0.536333E+01  0.117768E+00  0.814094E-02
  0.536607E+01  0.129938E+00  0.805549E-02
  0.536881E+01  0.133853E+00  0.789846E-02
  0.537155E+01  0.124847E+00  0.777619E-02
  0.537429E+01  0.131440E+00  0.776528E-02
  0.537703E+01  0.139696E+00  0.781296E-02
  0.537977E+01  0.128058E+00  0.768621E-02
  0.538252E+01  0.138598E+00  0.779532E-02
  0.538526E+01  0.132245E+00  0.775467E-02
  0.538800E+01  0.137200E+00  0.791117E-02
  0.539074E+01  0.120252E+00  0.764228E-02
  0.539348E+01  0.140207E+00  0.786727E-02
  0.539622E+01  0.134342E+00  0.782044E-02
  0.539896E+01  0.143584E+00  0.788935E-02
  0.540170E+01  0.133230E+00  0.776017E-02
  0.540444E+01  0.131674E+00  0.765361E-02
  0.540718E+01  0.133654E+00  0.778555E-02
  0.540992E+01  0.156599E+00  0.781443E-02
  0.541266E+01  0.135757E+00  0.775020E-02
  0.541540E+01  0.122317E+00  0.778535E-02
  0.541814E+01  0.127638E+00  0.783680E-02
  0.542088E+01  0.131724E+00  0.766620E-02
  0.542362E+01  0.134700E+00  0.781214E-02
  0.542636E+01  0.146305E+00  0.777823E-02
  0.542910E+01  0.128285E+00  0.779728E-02
  0.543184E+01  0.139056E+00  0.768330E-02
  0.543458E+01  0.129711E+00  0.782489E-02
  0.543732E+01  0.135833E+00  0.778820E-02
  0.544006E+01  0.142626E+00  0.770231E-02
  0.544280E+01  0.142978E+00  0.785793E-02
  0.544554E+01  0.147620E+00  0.774196E-02
  0.544828E+01  0.140867E+00  0.775561E-02
  0.545102E+01  0.141395E+00  0.772814E-02
  0.545376E+01  0.140634E+00  0.765498E-02
  0.545650E+01  0.129965E+00  0.773279E-02
  0.545924E+01  0.131326E+00  0.775871E-02
  0.546198E+01  0.142407E+00  0.791490E-02
  0.546472E+01  0.135176E+00  0.782336E-02
  0.546746E+01  0.139577E+00  0.760295E-02
  0.547020E+01  0.138917E+00  0.776865E-02
  0.547295E+01  0.140290E+00  0.767130E-02
  0.547569E+01  0.142723E+00  0.779650E-02
  0.547843E+01  0.132946E+00  0.773610E-02
  0.548117E+01  0.133459E+00  0.764600E-02
  0.548391E+01  0.147953E+00  0.771932E-02
  0.548665E+01  0.135308E+00  0.767020E-02
  0.548939E+01  0.146032E+00  0.765453E-02
  0.549213E+01  0.143481E+00  0.775142E-02
  0.549487E+01  0.142074E+00  0.781188E-02
  0.549761E+01  0.136523E+00  0.773138E-02
  0.550035E+01  0.158486E+00  0.777663E-02
  0.550309E+01  0.136827E+00  0.774356E-02
  0.550583E+01  0.140058E+00  0.785407E-02
  0.550857E+01  0.138429E+00  0.777294E-02
  0.551131E+01  0.154178E+00  0.775594E-02
  0.551405E+01  0.141489E+00  0.777270E-02
  0.551679E+01  0.136432E+00  0.768164E-02
  0.551953E+01  0.149051E+00  0.773103E-02
  0.552227E+01  0.143655E+00  0.779234E-02
  0.552501E+01  0.145876E+00  0.782348E-02
  0.552775E+01  0.150014E+00  0.774980E-02
  0.553049E+01  0.143905E+00  0.767109E-02
  0.553323E+01  0.136525E+00  0.767379E-02
  0.553597E+01  0.150909E+00  0.789023E-02
  0.553871E+01  0.144626E+00  0.924490E-02
  0.554145E+01  0.147949E+00  0.102139E-01
  0.554419E+01  0.149745E+00  0.107933E-01
  0.554693E+01  0.153771E+00  0.869648E-02
  0.554967E+01  0.127827E+00  0.839783E-02
  0.555241E+01  0.134175E+00  0.798147E-02
  0.555515E+01  0.133203E+00  0.797873E-02
  0.555789E+01  0.133082E+00  0.801513E-02
  0.556064E+01  0.144645E+00  0.811629E-02
  0.556338E+01  0.150440E+00  0.810626E-02
  0.556612E+01  0.132286E+00  0.783801E-02
  0.556886E+01  0.154785E+00  0.788498E-02
  0.557160E+01  0.145110E+00  0.796492E-02
  0.557434E+01  0.154905E+00  0.819080E-02
  0.557708E+01  0.139874E+00  0.791723E-02
  0.557982E+01  0.140377E+00  0.794542E-02
  0.558256E+01  0.141099E+00  0.789248E-02
  0.558530E+01  0.150317E+00  0.799444E-02
  0.558804E+01  0.140819E+00  0.786346E-02
  0.559078E+01  0.149423E+00  0.785722E-02
  0.559352E+01  0.145127E+00  0.800528E-02
  0.559626E+01  0.146067E+00  0.788264E-02
  0.559900E+01  0.139093E+00  0.775887E-02
  0.560174E+01  0.147152E+00  0.764924E-02
  0.560448E+01  0.152570E+00  0.784541E-02
  0.560722E+01  0.140373E+00  0.772400E-02
  0.560996E+01  0.150867E+00  0.780689E-02
  0.561270E+01  0.140852E+00  0.780085E-02
  0.561544E+01  0.147554E+00  0.783229E-02
  0.561818E+01  0.147410E+00  0.780893E-02
  0.562092E+01  0.152548E+00  0.779700E-02
  0.562366E+01  0.153824E+00  0.783235E-02
  0.562640E+01  0.148657E+00  0.777799E-02
  0.562914E+01  0.152041E+00  0.783641E-02
  0.563188E+01  0.155826E+00  0.780137E-02
  0.563462E+01  0.149902E+00  0.780264E-02
  0.563736E+01  0.158794E+00  0.772327E-02
  0.564010E+01  0.149724E+00  0.758732E-02
  0.564284E+01  0.143915E+00  0.787423E-02
  0.564558E+01  0.147061E+00  0.781410E-02
  0.564833E+01  0.142230E+00  0.767467E-02
  0.565107E+01  0.152125E+00  0.777122E-02
  0.565381E+01  0.150225E+00  0.778782E-02
  0.565655E+01  0.153313E+00  0.770082E-02
  0.565929E+01  0.148025E+00  0.772865E-02
  0.566203E+01  0.164366E+00  0.775190E-02
  0.566477E+01  0.153732E+00  0.770735E-02
  0.566751E+01  0.150047E+00  0.779862E-02
  0.567025E+01  0.152534E+00  0.778410E-02
  0.567299E+01  0.154119E+00  0.772635E-02
  0.567573E+01  0.150866E+00  0.771268E-02
  0.567847E+01  0.158234E+00  0.768722E-02
  0.568121E+01  0.157023E+00  0.778636E-02
  0.568395E+01  0.165397E+00  0.780595E-02
  0.568669E+01  0.147722E+00  0.767633E-02
  0.568943E+01  0.153438E+00  0.760711E-02
  0.569217E+01  0.151953E+00  0.774545E-02
  0.569491E+01  0.148264E+00  0.783228E-02
  0.569765E+01  0.141798E+00  0.762265E-02
  0.570039E+01  0.168051E+00  0.786205E-02
  0.570313E+01  0.163129E+00  0.777235E-02
  0.570587E+01  0.154463E+00  0.773263E-02
  0.570861E+01  0.165933E+00  0.775109E-02
  0.571135E+01  0.165251E+00  0.788926E-02
  0.571409E+01  0.159658E+00  0.781259E-02
  0.571683E+01  0.164036E+00  0.777498E-02
  0.571957E+01  0.144864E+00  0.771790E-02
  0.572231E+01  0.157183E+00  0.771257E-02
  0.572505E+01  0.166574E+00  0.786386E-02
  0.572779E+01  0.154306E+00  0.764610E-02
  0.573053E+01  0.155745E+00  0.790720E-02
  0.573327E+01  0.153807E+00  0.772462E-02
  0.573601E+01  0.165633E+00  0.778663E-02
  0.573876E+01  0.154589E+00  0.774123E-02
  0.574150E+01  0.160350E+00  0.777789E-02
  0.574424E+01  0.165647E+00  0.788699E-02
  0.574698E+01  0.155884E+00  0.773137E-02
  0.574972E+01  0.166083E+00  0.777873E-02
  0.575246E+01  0.159989E+00  0.765425E-02
  0.575520E+01  0.159148E+00  0.779801E-02
  0.575794E+01  0.150561E+00  0.772418E-02
  0.576068E+01  0.151548E+00  0.774067E-02
  0.576342E+01  0.166550E+00  0.786791E-02
  0.576616E+01  0.159495E+00  0.784080E-02
  0.576890E+01  0.162807E+00  0.774537E-02
  0.577164E+01  0.155179E+00  0.765876E-02
  0.577438E+01  0.164222E+00  0.788707E-02
  0.577712E+01  0.160766E+00  0.775036E-02
  0.577986E+01  0.179591E+00  0.787014E-02
  0.578260E+01  0.170069E+00  0.772916E-02
  0.578534E+01  0.138553E+00  0.766714E-02
  0.578808E+01  0.160221E+00  0.770131E-02
  0.579082E+01  0.153153E+00  0.771357E-02
  0.579356E+01  0.161263E+00  0.779853E-02
  0.579630E+01  0.173995E+00  0.785836E-02
  0.579904E+01  0.164067E+00  0.781852E-02
  0.580178E+01  0.166947E+00  0.783336E-02
  0.580452E+01  0.173659E+00  0.793001E-02
  0.580726E+01  0.159551E+00  0.781819E-02
  0.581000E+01  0.169841E+00  0.778026E-02
  0.581274E+01  0.155944E+00  0.775970E-02
  0.581548E+01  0.170164E+00  0.779910E-02
  0.581822E+01  0.166251E+00  0.782732E-02
  0.582096E+01  0.174792E+00  0.782664E-02
  0.582370E+01  0.157652E+00  0.786423E-02
  0.582645E+01  0.160744E+00  0.772935E-02
  0.582919E+01  0.155750E+00  0.775743E-02
  0.583193E+01  0.167704E+00  0.777884E-02
  0.583467E+01  0.171945E+00  0.774088E-02
  0.583741E+01  0.155034E+00  0.772119E-02
  0.584015E+01  0.170143E+00  0.771399E-02
  0.584289E+01  0.171808E+00  0.785524E-02
  0.584563E+01  0.157421E+00  0.777060E-02
  0.584837E+01  0.169887E+00  0.791163E-02
  0.585111E+01  0.168681E+00  0.789397E-02
  0.585385E+01  0.159131E+00  0.790626E-02
  0.585659E+01  0.172242E+00  0.791142E-02
  0.585933E+01  0.165603E+00  0.784103E-02
  0.586207E+01  0.156889E+00  0.777159E-02
  0.586481E+01  0.172946E+00  0.793108E-02
  0.586755E+01  0.178380E+00  0.783005E-02
  0.587029E+01  0.163838E+00  0.772419E-02
  0.587303E+01  0.170889E+00  0.782246E-02
  0.587577E+01  0.169251E+00  0.780639E-02
  0.587851E+01  0.179790E+00  0.784103E-02
  0.588125E+01  0.184123E+00  0.788717E-02
  0.588399E+01  0.173437E+00  0.787471E-02
  0.588673E+01  0.153665E+00  0.767620E-02
  0.588947E+01  0.173521E+00  0.782281E-02
  0.589221E+01  0.171970E+00  0.769574E-02
  0.589495E+01  0.172468E+00  0.777242E-02
  0.589769E+01  0.177153E+00  0.782683E-02
  0.590043E+01  0.167616E+00  0.784124E-02
  0.590317E+01  0.170585E+00  0.784332E-02
  0.590591E+01  0.175905E+00  0.787456E-02
  0.590865E+01  0.177472E+00  0.775199E-02
  0.591139E+01  0.174070E+00  0.778702E-02
  0.591413E+01  0.171304E+00  0.775006E-02
  0.591688E+01  0.182815E+00  0.787297E-02
  0.591962E+01  0.166835E+00  0.790613E-02
  0.592236E+01  0.174985E+00  0.788253E-02
  0.592510E+01  0.168388E+00  0.779374E-02
  0.592784E+01  0.163325E+00  0.786478E-02
  0.593058E+01  0.175724E+00  0.806444E-02
  0.593332E+01  0.176898E+00  0.779843E-02
  0.593606E+01  0.166805E+00  0.775831E-02
  0.593880E+01  0.162613E+00  0.791561E-02
  0.594154E+01  0.172063E+00  0.788930E-02
  0.594428E+01  0.168937E+00  0.771183E-02
  0.594702E+01  0.173293E+00  0.777681E-02
  0.594976E+01  0.171515E+00  0.780956E-02
  0.595250E+01  0.184276E+00  0.770614E-02
  0.595524E+01  0.187443E+00  0.782619E-02
  0.595798E+01  0.168947E+00  0.786075E-02
  0.596072E+01  0.177954E+00  0.794806E-02
  0.596346E+01  0.181949E+00  0.794123E-02
  0.596620E+01  0.169204E+00  0.777253E-02
  0.596894E+01  0.172398E+00  0.790568E-02
  0.597168E+01  0.169542E+00  0.788101E-02
  0.597442E+01  0.184075E+00  0.785041E-02
  0.597716E+01  0.176706E+00  0.798946E-02
  0.597990E+01  0.180220E+00  0.788878E-02
  0.598264E+01  0.180650E+00  0.954772E-02
  0.598538E+01  0.214196E+00  0.103932E-01
  0.598812E+01  0.163696E+00  0.108826E-01
  0.599086E+01  0.180047E+00  0.116059E-01
  0.599360E+01  0.172842E+00  0.123020E-01
  0.599634E+01  0.179961E+00  0.126773E-01
  0.599908E+01  0.177978E+00  0.140319E-01
  0.600182E+01  0.175126E+00  0.149816E-01
  0.600457E+01  0.176986E+00  0.154085E-01
  0.600731E+01  0.170926E+00  0.157775E-01
  0.601005E+01  0.171222E+00  0.171573E-01
  0.601279E+01  0.177715E+00  0.176449E-01
  0.601553E+01  0.170808E+00  0.199419E-01
  0.601827E+01  0.161803E+00  0.201205E-01
  0.602101E+01  0.184176E+00  0.233740E-01
  0.602375E+01  0.253499E+00  0.284470E-01
  0.602649E+01  0.224188E+00  0.320659E-01
  0.602923E+01  0.162645E+00  0.392721E-01
  0.603197E+01  0.226335E+00  0.770367E-01
 ========================================
Description:                            Ao 50                                   
Sample:           Ao 50  c= 42.800 mg/ml Code:         A0                       
Averaged from raw files: biehl_336_001.tiff biehl_336_002.tiff biehl_336_003.tif
Processed by: cbf-primus Tue Dec 13 22:52:51 2011                               
Channels from 1 to 2441                                                         
Angular axis file: /data/x33/Users2011/Biehl.1211/aux/saxs-0/saxis_20110920.dat 
BeamCenter_X:  2425.000  BeamCenter_Y:   116.000                                
Mask file (beamstop): /data/x33/Users2011/Biehl.1211/aux/saxs-0/mask_saxs_201109
Exposure time (sec):   15.000                                                   
Pin diode (mean):       1.145                                                   
Reference frame:    1                                                           
Chi-value threshold:    1.450                                                   
 ========================================
Description:                            B0                                      
Sample:              B0  c=  0.000 mg/ml Code:         A0                       
Averaged from raw files: biehl_335_001.tiff biehl_335_002.tiff biehl_335_003.tif
Processed by: cbf-primus Tue Dec 13 22:49:26 2011                               
Channels from 1 to 2441                                                         
Angular axis file: /data/x33/Users2011/Biehl.1211/aux/saxs-0/saxis_20110920.dat 
BeamCenter_X:  2425.000  BeamCenter_Y:   116.000                                
Mask file (beamstop): /data/x33/Users2011/Biehl.1211/aux/saxs-0/mask_saxs_201109
Exposure time (sec):   15.000                                                   
Pin diode (mean):       1.153                                                   
Reference frame:    1                                                           
Chi-value threshold:    1.450                                                   
 ========================================
Description:                            B0                                      
Sample:              B0  c=  0.000 mg/ml Code:         A0                       
Averaged from raw files: biehl_337_001.tiff biehl_337_002.tiff biehl_337_003.tif
Processed by: cbf-primus Tue Dec 13 22:56:14 2011                               
Channels from 1 to 2441                                                         
Angular axis file: /data/x33/Users2011/Biehl.1211/aux/saxs-0/saxis_20110920.dat 
BeamCenter_X:  2425.000  BeamCenter_Y:   116.000                                
Mask file (beamstop): /data/x33/Users2011/Biehl.1211/aux/saxs-0/mask_saxs_201109
Exposure time (sec):   15.000                                                   
Pin diode (mean):       1.147                                                   
Reference frame:    1                                                           
Chi-value threshold:    1.450                                                   
 ========================================
