s 13-Dec-2011       (biehl_338.dat - 1.0*Aver(biehl_337.dat,biehl_339.dat) /  2
biehl_338.da  Conc = .22E+01  N1 =    1  N2 = 2170
biehl_337.da  Conc = 0.0d+0   N1 =    1  N2 = 2170
biehl_339.da  Conc = 0.0d+0   N1 =    1  N2 = 2170
  0.854979E-01  0.178301E+03  0.383044E+02
  0.882382E-01  0.156139E+03  0.135279E+02
  0.909785E-01  0.150313E+03  0.110681E+02
  0.937188E-01  0.147430E+03  0.954762E+01
  0.964591E-01  0.141615E+03  0.846613E+01
  0.991995E-01  0.141024E+03  0.750891E+01
  0.101940E+00  0.135792E+03  0.685011E+01
  0.104680E+00  0.140996E+03  0.607993E+01
  0.107420E+00  0.142598E+03  0.563648E+01
  0.110161E+00  0.141328E+03  0.500672E+01
  0.112901E+00  0.141384E+03  0.460086E+01
  0.115641E+00  0.139190E+03  0.427217E+01
  0.118382E+00  0.138946E+03  0.389977E+01
  0.121122E+00  0.133928E+03  0.356645E+01
  0.123862E+00  0.133177E+03  0.324421E+01
  0.126603E+00  0.131049E+03  0.302154E+01
  0.129343E+00  0.130905E+03  0.288496E+01
  0.132083E+00  0.131197E+03  0.264907E+01
  0.134823E+00  0.130819E+03  0.251163E+01
  0.137564E+00  0.130812E+03  0.233109E+01
  0.140304E+00  0.125773E+03  0.218395E+01
  0.143044E+00  0.127892E+03  0.204263E+01
  0.145785E+00  0.127734E+03  0.194566E+01
  0.148525E+00  0.126554E+03  0.186798E+01
  0.151265E+00  0.125979E+03  0.175424E+01
  0.154006E+00  0.125205E+03  0.168547E+01
  0.156746E+00  0.123121E+03  0.156643E+01
  0.159486E+00  0.123711E+03  0.153674E+01
  0.162227E+00  0.124352E+03  0.145632E+01
  0.164967E+00  0.122710E+03  0.141778E+01
  0.167707E+00  0.121187E+03  0.134920E+01
  0.170447E+00  0.122375E+03  0.129049E+01
  0.173188E+00  0.121117E+03  0.126007E+01
  0.175928E+00  0.121076E+03  0.121935E+01
  0.178668E+00  0.120333E+03  0.117258E+01
  0.181409E+00  0.117323E+03  0.112473E+01
  0.184149E+00  0.116998E+03  0.110913E+01
  0.186889E+00  0.116225E+03  0.108336E+01
  0.189630E+00  0.117967E+03  0.103536E+01
  0.192370E+00  0.115848E+03  0.100504E+01
  0.195110E+00  0.114214E+03  0.990390E+00
  0.197851E+00  0.114363E+03  0.966107E+00
  0.200591E+00  0.113210E+03  0.953271E+00
  0.203331E+00  0.113569E+03  0.903388E+00
  0.206071E+00  0.111014E+03  0.898575E+00
  0.208812E+00  0.111923E+03  0.877850E+00
  0.211552E+00  0.111761E+03  0.874293E+00
  0.214292E+00  0.111199E+03  0.851899E+00
  0.217033E+00  0.110051E+03  0.825478E+00
  0.219773E+00  0.108602E+03  0.833489E+00
  0.222513E+00  0.108679E+03  0.802251E+00
  0.225254E+00  0.107384E+03  0.792031E+00
  0.227994E+00  0.107828E+03  0.784741E+00
  0.230734E+00  0.107446E+03  0.767950E+00
  0.233475E+00  0.106468E+03  0.773846E+00
  0.236215E+00  0.107017E+03  0.741353E+00
  0.238955E+00  0.104532E+03  0.749095E+00
  0.241696E+00  0.104861E+03  0.730935E+00
  0.244436E+00  0.104052E+03  0.725260E+00
  0.247176E+00  0.103076E+03  0.728606E+00
  0.249916E+00  0.101828E+03  0.694907E+00
  0.252657E+00  0.102275E+03  0.712851E+00
  0.255397E+00  0.102052E+03  0.702520E+00
  0.258137E+00  0.100898E+03  0.690019E+00
  0.260878E+00  0.991556E+02  0.683618E+00
  0.263618E+00  0.982169E+02  0.663987E+00
  0.266358E+00  0.975182E+02  0.678653E+00
  0.269099E+00  0.978478E+02  0.663514E+00
  0.271839E+00  0.972714E+02  0.658830E+00
  0.274579E+00  0.959009E+02  0.657625E+00
  0.277320E+00  0.937088E+02  0.631372E+00
  0.280060E+00  0.942890E+02  0.651523E+00
  0.282800E+00  0.937530E+02  0.626379E+00
  0.285540E+00  0.938719E+02  0.636227E+00
  0.288281E+00  0.928195E+02  0.632131E+00
  0.291021E+00  0.916613E+02  0.612750E+00
  0.293761E+00  0.919377E+02  0.622547E+00
  0.296502E+00  0.909465E+02  0.602108E+00
  0.299242E+00  0.900175E+02  0.605202E+00
  0.301982E+00  0.901443E+02  0.600356E+00
  0.304723E+00  0.884391E+02  0.593715E+00
  0.307463E+00  0.873072E+02  0.585304E+00
  0.310203E+00  0.874175E+02  0.578677E+00
  0.312944E+00  0.861209E+02  0.573511E+00
  0.315684E+00  0.855527E+02  0.572233E+00
  0.318424E+00  0.852665E+02  0.556318E+00
  0.321164E+00  0.846159E+02  0.560130E+00
  0.323905E+00  0.839896E+02  0.559620E+00
  0.326645E+00  0.832939E+02  0.554020E+00
  0.329385E+00  0.826779E+02  0.547530E+00
  0.332126E+00  0.822514E+02  0.544633E+00
  0.334866E+00  0.806865E+02  0.544357E+00
  0.337606E+00  0.809345E+02  0.546176E+00
  0.340347E+00  0.794890E+02  0.534431E+00
  0.343087E+00  0.791981E+02  0.526567E+00
  0.345827E+00  0.782831E+02  0.529672E+00
  0.348568E+00  0.771801E+02  0.524887E+00
  0.351308E+00  0.769428E+02  0.529419E+00
  0.354048E+00  0.765777E+02  0.515370E+00
  0.356788E+00  0.762180E+02  0.517326E+00
  0.359529E+00  0.759332E+02  0.512298E+00
  0.362269E+00  0.749634E+02  0.516147E+00
  0.365009E+00  0.740878E+02  0.512243E+00
  0.367750E+00  0.733680E+02  0.499095E+00
  0.370490E+00  0.730268E+02  0.500481E+00
  0.373230E+00  0.718206E+02  0.503585E+00
  0.375971E+00  0.723515E+02  0.492993E+00
  0.378711E+00  0.714243E+02  0.495812E+00
  0.381451E+00  0.704226E+02  0.489860E+00
  0.384192E+00  0.697797E+02  0.486676E+00
  0.386932E+00  0.696180E+02  0.489588E+00
  0.389672E+00  0.679646E+02  0.475777E+00
  0.392413E+00  0.675966E+02  0.480345E+00
  0.395153E+00  0.667677E+02  0.470511E+00
  0.397893E+00  0.671980E+02  0.476396E+00
  0.400633E+00  0.662141E+02  0.465199E+00
  0.403374E+00  0.660678E+02  0.469032E+00
  0.406114E+00  0.648982E+02  0.468149E+00
  0.408854E+00  0.640120E+02  0.459546E+00
  0.411595E+00  0.637732E+02  0.455888E+00
  0.414335E+00  0.627009E+02  0.451628E+00
  0.417075E+00  0.622656E+02  0.452646E+00
  0.419816E+00  0.620867E+02  0.456018E+00
  0.422556E+00  0.613017E+02  0.439415E+00
  0.425296E+00  0.608383E+02  0.449299E+00
  0.428037E+00  0.604434E+02  0.434152E+00
  0.430777E+00  0.592864E+02  0.438221E+00
  0.433517E+00  0.593291E+02  0.436092E+00
  0.436257E+00  0.584042E+02  0.428695E+00
  0.438998E+00  0.580636E+02  0.433337E+00
  0.441738E+00  0.569420E+02  0.424362E+00
  0.444478E+00  0.568937E+02  0.425450E+00
  0.447219E+00  0.564488E+02  0.416286E+00
  0.449959E+00  0.554303E+02  0.416801E+00
  0.452699E+00  0.546364E+02  0.416898E+00
  0.455440E+00  0.542941E+02  0.411944E+00
  0.458180E+00  0.540007E+02  0.412333E+00
  0.460920E+00  0.527643E+02  0.402066E+00
  0.463661E+00  0.522897E+02  0.402895E+00
  0.466401E+00  0.519586E+02  0.406402E+00
  0.469141E+00  0.515291E+02  0.393436E+00
  0.471881E+00  0.509196E+02  0.399010E+00
  0.474622E+00  0.505111E+02  0.396024E+00
  0.477362E+00  0.500972E+02  0.394128E+00
  0.480102E+00  0.494941E+02  0.385742E+00
  0.482843E+00  0.488490E+02  0.385987E+00
  0.485583E+00  0.498084E+02  0.398624E+00
  0.488323E+00  0.484194E+02  0.385218E+00
  0.491064E+00  0.477941E+02  0.383973E+00
  0.493804E+00  0.469574E+02  0.377029E+00
  0.496544E+00  0.464673E+02  0.372977E+00
  0.499285E+00  0.457073E+02  0.374872E+00
  0.502025E+00  0.457258E+02  0.370137E+00
  0.504765E+00  0.451268E+02  0.368769E+00
  0.507505E+00  0.445269E+02  0.368030E+00
  0.510246E+00  0.445208E+02  0.369074E+00
  0.512986E+00  0.441153E+02  0.369122E+00
  0.515726E+00  0.434620E+02  0.359279E+00
  0.518467E+00  0.432869E+02  0.364388E+00
  0.521207E+00  0.424959E+02  0.357414E+00
  0.523947E+00  0.425767E+02  0.360447E+00
  0.526688E+00  0.410189E+02  0.352851E+00
  0.529428E+00  0.413686E+02  0.355042E+00
  0.532168E+00  0.404833E+02  0.349956E+00
  0.534909E+00  0.401702E+02  0.344917E+00
  0.537649E+00  0.399164E+02  0.350548E+00
  0.540389E+00  0.396452E+02  0.346444E+00
  0.543129E+00  0.388633E+02  0.341745E+00
  0.545870E+00  0.384137E+02  0.341902E+00
  0.548610E+00  0.382705E+02  0.339328E+00
  0.551350E+00  0.373495E+02  0.335937E+00
  0.554091E+00  0.365700E+02  0.332060E+00
  0.556831E+00  0.368036E+02  0.336067E+00
  0.559571E+00  0.362660E+02  0.335927E+00
  0.562312E+00  0.354361E+02  0.323437E+00
  0.565052E+00  0.353114E+02  0.325834E+00
  0.567792E+00  0.345851E+02  0.322579E+00
  0.570533E+00  0.340070E+02  0.322396E+00
  0.573273E+00  0.345625E+02  0.322363E+00
  0.576013E+00  0.334434E+02  0.317061E+00
  0.578754E+00  0.331421E+02  0.314413E+00
  0.581494E+00  0.325656E+02  0.315192E+00
  0.584234E+00  0.319189E+02  0.309724E+00
  0.586974E+00  0.320273E+02  0.312750E+00
  0.589715E+00  0.317716E+02  0.310333E+00
  0.592455E+00  0.310662E+02  0.309091E+00
  0.595195E+00  0.307221E+02  0.311457E+00
  0.597936E+00  0.304080E+02  0.304206E+00
  0.600676E+00  0.297325E+02  0.302004E+00
  0.603416E+00  0.288156E+02  0.297448E+00
  0.606157E+00  0.291049E+02  0.297524E+00
  0.608897E+00  0.284599E+02  0.294720E+00
  0.611637E+00  0.280270E+02  0.295462E+00
  0.614378E+00  0.277978E+02  0.292567E+00
  0.617118E+00  0.273105E+02  0.291820E+00
  0.619858E+00  0.276546E+02  0.290459E+00
  0.622598E+00  0.264940E+02  0.289214E+00
  0.625339E+00  0.265557E+02  0.286090E+00
  0.628079E+00  0.263738E+02  0.288935E+00
  0.630819E+00  0.257354E+02  0.280486E+00
  0.633560E+00  0.248893E+02  0.277266E+00
  0.636300E+00  0.251898E+02  0.285304E+00
  0.639040E+00  0.244110E+02  0.275688E+00
  0.641781E+00  0.240157E+02  0.273946E+00
  0.644521E+00  0.235461E+02  0.272872E+00
  0.647261E+00  0.231979E+02  0.268973E+00
  0.650002E+00  0.227835E+02  0.271914E+00
  0.652742E+00  0.229106E+02  0.270889E+00
  0.655482E+00  0.227399E+02  0.267127E+00
  0.658222E+00  0.220677E+02  0.271712E+00
  0.660963E+00  0.220104E+02  0.262415E+00
  0.663703E+00  0.217185E+02  0.267342E+00
  0.666443E+00  0.216471E+02  0.262312E+00
  0.669184E+00  0.210571E+02  0.260615E+00
  0.671924E+00  0.205890E+02  0.260438E+00
  0.674664E+00  0.203688E+02  0.258803E+00
  0.677405E+00  0.200726E+02  0.259083E+00
  0.680145E+00  0.194872E+02  0.254053E+00
  0.682885E+00  0.195146E+02  0.258256E+00
  0.685626E+00  0.194003E+02  0.258495E+00
  0.688366E+00  0.189013E+02  0.250862E+00
  0.691106E+00  0.183470E+02  0.248532E+00
  0.693846E+00  0.181570E+02  0.249077E+00
  0.696587E+00  0.182070E+02  0.251971E+00
  0.699327E+00  0.175234E+02  0.244541E+00
  0.702067E+00  0.176001E+02  0.245856E+00
  0.704808E+00  0.168102E+02  0.242278E+00
  0.707548E+00  0.172086E+02  0.245294E+00
  0.710288E+00  0.169654E+02  0.241994E+00
  0.713029E+00  0.165131E+02  0.238398E+00
  0.715769E+00  0.163497E+02  0.240362E+00
  0.718509E+00  0.160178E+02  0.242619E+00
  0.721250E+00  0.154150E+02  0.241002E+00
  0.723990E+00  0.160203E+02  0.240471E+00
  0.726730E+00  0.151456E+02  0.236352E+00
  0.729471E+00  0.148858E+02  0.234220E+00
  0.732211E+00  0.147592E+02  0.230919E+00
  0.734951E+00  0.143958E+02  0.231058E+00
  0.737691E+00  0.141938E+02  0.230701E+00
  0.740432E+00  0.142484E+02  0.227664E+00
  0.743172E+00  0.136211E+02  0.227730E+00
  0.745912E+00  0.135341E+02  0.226460E+00
  0.748653E+00  0.135762E+02  0.226288E+00
  0.751393E+00  0.131140E+02  0.227611E+00
  0.754133E+00  0.129823E+02  0.221471E+00
  0.756874E+00  0.126662E+02  0.224735E+00
  0.759614E+00  0.127346E+02  0.223353E+00
  0.762354E+00  0.126137E+02  0.223575E+00
  0.765095E+00  0.123724E+02  0.223766E+00
  0.767835E+00  0.118830E+02  0.219950E+00
  0.770575E+00  0.119297E+02  0.220972E+00
  0.773315E+00  0.116184E+02  0.214390E+00
  0.776056E+00  0.115846E+02  0.217896E+00
  0.778796E+00  0.110696E+02  0.214468E+00
  0.781536E+00  0.110104E+02  0.214638E+00
  0.784277E+00  0.105537E+02  0.209717E+00
  0.787017E+00  0.105491E+02  0.214218E+00
  0.789757E+00  0.103836E+02  0.216278E+00
  0.792498E+00  0.103215E+02  0.212543E+00
  0.795238E+00  0.100551E+02  0.209233E+00
  0.797978E+00  0.998531E+01  0.211481E+00
  0.800719E+00  0.963799E+01  0.209327E+00
  0.803459E+00  0.952586E+01  0.211702E+00
  0.806199E+00  0.939240E+01  0.205129E+00
  0.808939E+00  0.945641E+01  0.209345E+00
  0.811680E+00  0.929431E+01  0.206245E+00
  0.814420E+00  0.895494E+01  0.207480E+00
  0.817160E+00  0.880200E+01  0.204855E+00
  0.819901E+00  0.859896E+01  0.205701E+00
  0.822641E+00  0.832661E+01  0.211334E+00
  0.825381E+00  0.849702E+01  0.208870E+00
  0.828122E+00  0.813680E+01  0.208135E+00
  0.830862E+00  0.807891E+01  0.205684E+00
  0.833602E+00  0.755622E+01  0.199921E+00
  0.836343E+00  0.781781E+01  0.208366E+00
  0.839083E+00  0.771505E+01  0.202162E+00
  0.841823E+00  0.751423E+01  0.206093E+00
  0.844563E+00  0.706950E+01  0.207053E+00
  0.847304E+00  0.704253E+01  0.203149E+00
  0.850044E+00  0.750479E+01  0.207751E+00
  0.852784E+00  0.705837E+01  0.201021E+00
  0.855525E+00  0.696102E+01  0.205183E+00
  0.858265E+00  0.671001E+01  0.203366E+00
  0.861005E+00  0.693155E+01  0.206007E+00
  0.863746E+00  0.675302E+01  0.201455E+00
  0.866486E+00  0.638598E+01  0.203086E+00
  0.869226E+00  0.629944E+01  0.202996E+00
  0.871967E+00  0.654653E+01  0.205795E+00
  0.874707E+00  0.592423E+01  0.202223E+00
  0.877447E+00  0.587912E+01  0.202217E+00
  0.880187E+00  0.625713E+01  0.201963E+00
  0.882928E+00  0.598940E+01  0.203526E+00
  0.885668E+00  0.585565E+01  0.200325E+00
  0.888408E+00  0.543847E+01  0.198992E+00
  0.891149E+00  0.549563E+01  0.202039E+00
  0.893889E+00  0.538805E+01  0.200577E+00
  0.896629E+00  0.566197E+01  0.202041E+00
  0.899370E+00  0.544335E+01  0.202528E+00
  0.902110E+00  0.552237E+01  0.200274E+00
  0.904850E+00  0.529481E+01  0.198273E+00
  0.907591E+00  0.519187E+01  0.199991E+00
  0.910331E+00  0.499450E+01  0.199656E+00
  0.913071E+00  0.521777E+01  0.200319E+00
  0.915812E+00  0.481977E+01  0.197826E+00
  0.918552E+00  0.456179E+01  0.196619E+00
  0.921292E+00  0.477106E+01  0.200503E+00
  0.924032E+00  0.448973E+01  0.196645E+00
  0.926773E+00  0.468784E+01  0.197407E+00
  0.929513E+00  0.446062E+01  0.200349E+00
  0.932253E+00  0.469879E+01  0.195069E+00
  0.934994E+00  0.452459E+01  0.197869E+00
  0.937734E+00  0.476458E+01  0.199389E+00
  0.940474E+00  0.453271E+01  0.199645E+00
  0.943215E+00  0.425594E+01  0.197316E+00
  0.945955E+00  0.415136E+01  0.195377E+00
  0.948695E+00  0.383059E+01  0.197369E+00
  0.951436E+00  0.414414E+01  0.198746E+00
  0.954176E+00  0.386175E+01  0.199169E+00
  0.956916E+00  0.385722E+01  0.199495E+00
  0.959656E+00  0.402871E+01  0.194606E+00
  0.962397E+00  0.381252E+01  0.196137E+00
  0.965137E+00  0.383642E+01  0.192835E+00
  0.967877E+00  0.395699E+01  0.196878E+00
  0.970618E+00  0.366190E+01  0.194725E+00
  0.973358E+00  0.372194E+01  0.196231E+00
  0.976098E+00  0.358948E+01  0.198379E+00
  0.978839E+00  0.338094E+01  0.194532E+00
  0.981579E+00  0.385137E+01  0.198590E+00
  0.984319E+00  0.377468E+01  0.193614E+00
  0.987060E+00  0.366489E+01  0.197064E+00
  0.989800E+00  0.319578E+01  0.194874E+00
  0.992540E+00  0.340270E+01  0.197290E+00
  0.995280E+00  0.330293E+01  0.193893E+00
  0.998021E+00  0.317365E+01  0.190958E+00
  0.100076E+01  0.340585E+01  0.192597E+00
  0.100350E+01  0.288298E+01  0.194382E+00
  0.100624E+01  0.303296E+01  0.198069E+00
  0.100898E+01  0.273419E+01  0.195389E+00
  0.101172E+01  0.331281E+01  0.194985E+00
  0.101446E+01  0.304040E+01  0.194724E+00
  0.101720E+01  0.300301E+01  0.193709E+00
  0.101994E+01  0.288181E+01  0.196263E+00
  0.102268E+01  0.299158E+01  0.195092E+00
  0.102542E+01  0.278665E+01  0.196395E+00
  0.102816E+01  0.302627E+01  0.196373E+00
  0.103090E+01  0.262497E+01  0.191732E+00
  0.103364E+01  0.287821E+01  0.195749E+00
  0.103639E+01  0.285904E+01  0.192701E+00
  0.103913E+01  0.299466E+01  0.190084E+00
  0.104187E+01  0.258102E+01  0.193474E+00
  0.104461E+01  0.257644E+01  0.191088E+00
  0.104735E+01  0.291313E+01  0.196560E+00
  0.105009E+01  0.260226E+01  0.189538E+00
  0.105283E+01  0.286250E+01  0.194155E+00
  0.105557E+01  0.259926E+01  0.191616E+00
  0.105831E+01  0.264835E+01  0.192716E+00
  0.106105E+01  0.243849E+01  0.192687E+00
  0.106379E+01  0.226704E+01  0.190272E+00
  0.106653E+01  0.251259E+01  0.192892E+00
  0.106927E+01  0.268194E+01  0.190472E+00
  0.107201E+01  0.248304E+01  0.191093E+00
  0.107475E+01  0.217204E+01  0.191501E+00
  0.107749E+01  0.258787E+01  0.191723E+00
  0.108023E+01  0.229627E+01  0.191521E+00
  0.108297E+01  0.280346E+01  0.190217E+00
  0.108571E+01  0.265966E+01  0.188896E+00
  0.108845E+01  0.230860E+01  0.194100E+00
  0.109119E+01  0.224768E+01  0.192435E+00
  0.109393E+01  0.248675E+01  0.190163E+00
  0.109667E+01  0.224778E+01  0.188042E+00
  0.109941E+01  0.207708E+01  0.191375E+00
  0.110215E+01  0.185554E+01  0.190321E+00
  0.110489E+01  0.210735E+01  0.189899E+00
  0.110763E+01  0.207251E+01  0.189669E+00
  0.111037E+01  0.207875E+01  0.189206E+00
  0.111311E+01  0.191931E+01  0.187675E+00
  0.111585E+01  0.188358E+01  0.187970E+00
  0.111859E+01  0.229816E+01  0.187783E+00
  0.112133E+01  0.192844E+01  0.191799E+00
  0.112407E+01  0.204957E+01  0.188840E+00
  0.112682E+01  0.213157E+01  0.193453E+00
  0.112956E+01  0.214694E+01  0.189206E+00
  0.113230E+01  0.221921E+01  0.188022E+00
  0.113504E+01  0.249779E+01  0.191044E+00
  0.113778E+01  0.236367E+01  0.191693E+00
  0.114052E+01  0.212082E+01  0.187076E+00
  0.114326E+01  0.191284E+01  0.187192E+00
  0.114600E+01  0.198773E+01  0.188164E+00
  0.114874E+01  0.215012E+01  0.189939E+00
  0.115148E+01  0.234828E+01  0.190273E+00
  0.115422E+01  0.205603E+01  0.188274E+00
  0.115696E+01  0.192463E+01  0.187481E+00
  0.115970E+01  0.204523E+01  0.189452E+00
  0.116244E+01  0.218705E+01  0.188403E+00
  0.116518E+01  0.185919E+01  0.189907E+00
  0.116792E+01  0.204829E+01  0.186126E+00
  0.117066E+01  0.177657E+01  0.189794E+00
  0.117340E+01  0.198903E+01  0.188278E+00
  0.117614E+01  0.197331E+01  0.187216E+00
  0.117888E+01  0.200127E+01  0.188226E+00
  0.118162E+01  0.185662E+01  0.184346E+00
  0.118436E+01  0.215018E+01  0.191701E+00
  0.118710E+01  0.163851E+01  0.188649E+00
  0.118984E+01  0.191375E+01  0.189046E+00
  0.119258E+01  0.186800E+01  0.188107E+00
  0.119532E+01  0.170291E+01  0.184142E+00
  0.119806E+01  0.170473E+01  0.188263E+00
  0.120080E+01  0.196715E+01  0.186367E+00
  0.120354E+01  0.205064E+01  0.187606E+00
  0.120628E+01  0.196287E+01  0.187043E+00
  0.120902E+01  0.212310E+01  0.185580E+00
  0.121176E+01  0.160818E+01  0.184763E+00
  0.121451E+01  0.181548E+01  0.185529E+00
  0.121725E+01  0.199704E+01  0.189062E+00
  0.121999E+01  0.161083E+01  0.187245E+00
  0.122273E+01  0.180901E+01  0.185692E+00
  0.122547E+01  0.148314E+01  0.186844E+00
  0.122821E+01  0.169072E+01  0.184855E+00
  0.123095E+01  0.189261E+01  0.199482E+00
  0.123369E+01  0.203967E+01  0.206200E+00
  0.123643E+01  0.159121E+01  0.204937E+00
  0.124191E+01  0.190270E+01  0.216154E+00
  0.124465E+01  0.165261E+01  0.217163E+00
  0.124739E+01  0.189654E+01  0.227702E+00
  0.125013E+01  0.212106E+01  0.235577E+00
  0.125287E+01  0.149816E+01  0.231738E+00
  0.125561E+01  0.167438E+01  0.236801E+00
  0.125835E+01  0.177299E+01  0.234365E+00
  0.126109E+01  0.166004E+01  0.235415E+00
  0.126383E+01  0.233718E+01  0.246263E+00
  0.126657E+01  0.139866E+01  0.223427E+00
  0.126931E+01  0.176395E+01  0.215593E+00
  0.127205E+01  0.161778E+01  0.213531E+00
  0.127479E+01  0.214687E+01  0.206421E+00
  0.127753E+01  0.190591E+01  0.201934E+00
  0.128027E+01  0.203307E+01  0.202313E+00
  0.128301E+01  0.157966E+01  0.196991E+00
  0.128575E+01  0.179949E+01  0.194873E+00
  0.128849E+01  0.167995E+01  0.195446E+00
  0.129123E+01  0.168145E+01  0.194664E+00
  0.129397E+01  0.185659E+01  0.192736E+00
  0.129671E+01  0.191490E+01  0.195237E+00
  0.129945E+01  0.189375E+01  0.192394E+00
  0.130220E+01  0.170610E+01  0.192031E+00
  0.130494E+01  0.165736E+01  0.191727E+00
  0.130768E+01  0.132973E+01  0.187675E+00
  0.131042E+01  0.181247E+01  0.189711E+00
  0.131316E+01  0.189872E+01  0.189683E+00
  0.131590E+01  0.146521E+01  0.188311E+00
  0.131864E+01  0.156466E+01  0.185809E+00
  0.132138E+01  0.195828E+01  0.189503E+00
  0.132412E+01  0.139150E+01  0.186093E+00
  0.132686E+01  0.146040E+01  0.189375E+00
  0.132960E+01  0.114186E+01  0.189733E+00
  0.133234E+01  0.173018E+01  0.187144E+00
  0.133508E+01  0.163276E+01  0.187208E+00
  0.133782E+01  0.182323E+01  0.187108E+00
  0.134056E+01  0.136764E+01  0.189234E+00
  0.134330E+01  0.150351E+01  0.186744E+00
  0.134604E+01  0.129360E+01  0.187942E+00
  0.134878E+01  0.162108E+01  0.188810E+00
  0.135152E+01  0.159800E+01  0.190394E+00
  0.135426E+01  0.122132E+01  0.184704E+00
  0.135700E+01  0.151508E+01  0.185796E+00
  0.135974E+01  0.142568E+01  0.187124E+00
  0.136248E+01  0.151688E+01  0.186860E+00
  0.136522E+01  0.130052E+01  0.186664E+00
  0.136796E+01  0.167473E+01  0.188536E+00
  0.137070E+01  0.154808E+01  0.184105E+00
  0.137344E+01  0.146577E+01  0.185666E+00
  0.137618E+01  0.147028E+01  0.187130E+00
  0.137892E+01  0.140510E+01  0.186877E+00
  0.138166E+01  0.140041E+01  0.185682E+00
  0.138440E+01  0.136022E+01  0.185869E+00
  0.138714E+01  0.150236E+01  0.186623E+00
  0.138988E+01  0.129787E+01  0.188580E+00
  0.139263E+01  0.137710E+01  0.184925E+00
  0.139537E+01  0.143389E+01  0.183359E+00
  0.139811E+01  0.159484E+01  0.183516E+00
  0.140085E+01  0.132726E+01  0.188775E+00
  0.140359E+01  0.128724E+01  0.184224E+00
  0.140633E+01  0.147976E+01  0.185997E+00
  0.140907E+01  0.125995E+01  0.181418E+00
  0.141181E+01  0.127995E+01  0.184413E+00
  0.141455E+01  0.117500E+01  0.184524E+00
  0.141729E+01  0.150600E+01  0.186806E+00
  0.142003E+01  0.139686E+01  0.181189E+00
  0.142277E+01  0.123578E+01  0.182142E+00
  0.142551E+01  0.129289E+01  0.183197E+00
  0.142825E+01  0.127544E+01  0.184070E+00
  0.143099E+01  0.111972E+01  0.183187E+00
  0.143373E+01  0.121700E+01  0.184584E+00
  0.143647E+01  0.126317E+01  0.183259E+00
  0.143921E+01  0.119228E+01  0.187757E+00
  0.144195E+01  0.110777E+01  0.184026E+00
  0.144469E+01  0.962636E+00  0.183563E+00
  0.144743E+01  0.110318E+01  0.179161E+00
  0.145017E+01  0.133071E+01  0.180622E+00
  0.145291E+01  0.127980E+01  0.183451E+00
  0.145565E+01  0.139698E+01  0.185076E+00
  0.145839E+01  0.127592E+01  0.180063E+00
  0.146113E+01  0.128295E+01  0.180402E+00
  0.146387E+01  0.151170E+01  0.185434E+00
  0.146661E+01  0.126859E+01  0.181160E+00
  0.146935E+01  0.139635E+01  0.182702E+00
  0.147209E+01  0.116216E+01  0.185460E+00
  0.147483E+01  0.125289E+01  0.180661E+00
  0.147757E+01  0.125580E+01  0.182719E+00
  0.148032E+01  0.104158E+01  0.180872E+00
  0.148306E+01  0.109047E+01  0.180985E+00
  0.148580E+01  0.138929E+01  0.178673E+00
  0.148854E+01  0.129325E+01  0.180196E+00
  0.149128E+01  0.112779E+01  0.180221E+00
  0.149402E+01  0.121974E+01  0.177288E+00
  0.149676E+01  0.876876E+00  0.180325E+00
  0.149950E+01  0.116933E+01  0.179171E+00
  0.150224E+01  0.111430E+01  0.178156E+00
  0.150498E+01  0.115456E+01  0.174006E+00
  0.150772E+01  0.737277E+00  0.178439E+00
  0.151046E+01  0.110188E+01  0.176560E+00
  0.151320E+01  0.130073E+01  0.178390E+00
  0.151594E+01  0.117885E+01  0.178687E+00
  0.151868E+01  0.100567E+01  0.175089E+00
  0.152142E+01  0.115517E+01  0.177524E+00
  0.152416E+01  0.109562E+01  0.178386E+00
  0.152690E+01  0.145726E+01  0.177305E+00
  0.152964E+01  0.112667E+01  0.175901E+00
  0.153238E+01  0.104505E+01  0.177518E+00
  0.153512E+01  0.109488E+01  0.181168E+00
  0.153786E+01  0.901454E+00  0.179712E+00
  0.154060E+01  0.983056E+00  0.177381E+00
  0.154334E+01  0.998615E+00  0.178434E+00
  0.154608E+01  0.760637E+00  0.178416E+00
  0.154882E+01  0.616178E+00  0.176216E+00
  0.155156E+01  0.113881E+01  0.178262E+00
  0.155430E+01  0.901559E+00  0.176713E+00
  0.155704E+01  0.102237E+01  0.180185E+00
  0.155978E+01  0.816941E+00  0.176405E+00
  0.156252E+01  0.796621E+00  0.174685E+00
  0.156526E+01  0.118021E+01  0.176684E+00
  0.156801E+01  0.939187E+00  0.176846E+00
  0.157075E+01  0.122805E+01  0.176748E+00
  0.157349E+01  0.106998E+01  0.176182E+00
  0.157623E+01  0.107133E+01  0.179897E+00
  0.157897E+01  0.103062E+01  0.174426E+00
  0.158171E+01  0.823826E+00  0.176309E+00
  0.158445E+01  0.819935E+00  0.177895E+00
  0.158719E+01  0.762238E+00  0.175307E+00
  0.158993E+01  0.563917E+00  0.174998E+00
  0.159267E+01  0.806717E+00  0.176187E+00
  0.159541E+01  0.101154E+01  0.173043E+00
  0.159815E+01  0.890053E+00  0.173399E+00
  0.160089E+01  0.632982E+00  0.172126E+00
  0.160363E+01  0.743692E+00  0.177948E+00
  0.160637E+01  0.109504E+01  0.177547E+00
  0.160911E+01  0.958211E+00  0.174237E+00
  0.161185E+01  0.754080E+00  0.175309E+00
  0.161459E+01  0.820384E+00  0.176848E+00
  0.161733E+01  0.521298E+00  0.174926E+00
  0.162007E+01  0.568493E+00  0.175249E+00
  0.162281E+01  0.573038E+00  0.176899E+00
  0.162555E+01  0.895544E+00  0.175521E+00
  0.162829E+01  0.816480E+00  0.174388E+00
  0.163103E+01  0.670158E+00  0.175387E+00
  0.163377E+01  0.791583E+00  0.172671E+00
  0.163651E+01  0.873125E+00  0.177901E+00
  0.163925E+01  0.635127E+00  0.173726E+00
  0.164199E+01  0.886685E+00  0.175577E+00
  0.164473E+01  0.714432E+00  0.172603E+00
  0.164747E+01  0.724015E+00  0.174944E+00
  0.165021E+01  0.648817E+00  0.172583E+00
  0.165295E+01  0.792052E+00  0.175759E+00
  0.165569E+01  0.945477E+00  0.174275E+00
  0.165844E+01  0.908280E+00  0.173480E+00
  0.166118E+01  0.713220E+00  0.174656E+00
  0.166392E+01  0.614723E+00  0.174833E+00
  0.166666E+01  0.659806E+00  0.173967E+00
  0.166940E+01  0.643681E+00  0.174667E+00
  0.167214E+01  0.813326E+00  0.175187E+00
  0.167488E+01  0.809400E+00  0.174762E+00
  0.167762E+01  0.587471E+00  0.174363E+00
  0.168036E+01  0.845894E+00  0.171182E+00
  0.168310E+01  0.681416E+00  0.175877E+00
  0.168584E+01  0.906402E+00  0.171468E+00
  0.168858E+01  0.746417E+00  0.175024E+00
  0.169132E+01  0.684207E+00  0.170424E+00
  0.169406E+01  0.869875E+00  0.177235E+00
  0.169680E+01  0.798589E+00  0.174363E+00
  0.169954E+01  0.889946E+00  0.176268E+00
  0.170228E+01  0.639457E+00  0.173948E+00
  0.170502E+01  0.447745E+00  0.174683E+00
  0.170776E+01  0.698885E+00  0.172460E+00
  0.171050E+01  0.242393E+00  0.172860E+00
  0.171324E+01  0.691427E+00  0.173635E+00
  0.171598E+01  0.346619E+00  0.168937E+00
  0.171872E+01  0.361448E+00  0.172675E+00
  0.172146E+01  0.374282E+00  0.171976E+00
  0.172420E+01  0.607030E+00  0.172064E+00
  0.172694E+01  0.781750E+00  0.172789E+00
  0.172968E+01  0.662448E+00  0.172201E+00
  0.173242E+01  0.721506E+00  0.173029E+00
  0.173516E+01  0.564619E+00  0.176337E+00
  0.173790E+01  0.817897E+00  0.169838E+00
  0.174064E+01  0.649840E+00  0.171640E+00
  0.174338E+01  0.597591E+00  0.171975E+00
  0.174613E+01  0.449550E+00  0.172487E+00
  0.174887E+01  0.721800E+00  0.172458E+00
  0.175161E+01  0.581238E+00  0.173101E+00
  0.175435E+01  0.615324E+00  0.172289E+00
  0.175709E+01  0.556920E+00  0.172603E+00
  0.175983E+01  0.615958E+00  0.170326E+00
  0.176257E+01  0.419725E+00  0.173996E+00
  0.176531E+01  0.570781E+00  0.173843E+00
  0.176805E+01  0.136279E+00  0.172193E+00
  0.177079E+01  0.297400E+00  0.170854E+00
  0.177353E+01  0.722601E+00  0.173973E+00
  0.177627E+01  0.614288E+00  0.174165E+00
  0.177901E+01  0.506540E+00  0.172608E+00
  0.178175E+01  0.527884E+00  0.173136E+00
  0.178449E+01  0.698719E+00  0.169981E+00
  0.178723E+01  0.725452E+00  0.171948E+00
  0.178997E+01  0.291489E+00  0.171711E+00
  0.179271E+01  0.607506E+00  0.173357E+00
  0.179545E+01  0.670935E+00  0.173477E+00
  0.179819E+01  0.450050E+00  0.174828E+00
  0.180093E+01  0.548890E+00  0.170372E+00
  0.180367E+01  0.579043E+00  0.172894E+00
  0.180641E+01  0.466851E+00  0.173537E+00
  0.180915E+01  0.859665E+00  0.171728E+00
  0.181189E+01  0.806060E+00  0.171076E+00
  0.181463E+01  0.366426E+00  0.171576E+00
  0.181737E+01  0.401590E+00  0.171511E+00
  0.182011E+01  0.377313E+00  0.169909E+00
  0.182285E+01  0.324205E+00  0.167736E+00
  0.182559E+01  0.278156E+00  0.168271E+00
  0.182833E+01  0.339476E+00  0.170398E+00
  0.183107E+01  0.644238E+00  0.169574E+00
  0.183381E+01  0.590662E+00  0.170198E+00
  0.183656E+01  0.459730E+00  0.169782E+00
  0.183930E+01  0.610259E+00  0.170241E+00
  0.184204E+01  0.576314E+00  0.175345E+00
  0.184478E+01  0.620502E+00  0.170211E+00
  0.184752E+01  0.457549E+00  0.168735E+00
  0.185026E+01  0.406745E+00  0.170506E+00
  0.185300E+01  0.299592E+00  0.170628E+00
  0.185574E+01  0.365833E+00  0.170842E+00
  0.185848E+01  0.327200E+00  0.168251E+00
  0.186122E+01  0.401624E+00  0.171821E+00
  0.186396E+01  0.475483E+00  0.169321E+00
  0.186670E+01  0.565260E+00  0.170297E+00
  0.186944E+01  0.199923E+00  0.168646E+00
  0.187218E+01  0.361661E+00  0.170952E+00
  0.187492E+01  0.494814E+00  0.173221E+00
  0.187766E+01  0.360261E+00  0.169910E+00
  0.188040E+01  0.609812E+00  0.170580E+00
  0.188314E+01  0.563280E+00  0.168140E+00
  0.188588E+01  0.435701E+00  0.168060E+00
  0.188862E+01  0.553104E+00  0.169124E+00
  0.189136E+01  0.478994E+00  0.170055E+00
  0.189410E+01  0.361671E+00  0.168652E+00
  0.189684E+01  0.378843E+00  0.167774E+00
  0.189958E+01  0.525512E+00  0.165283E+00
  0.190232E+01  0.327239E+00  0.166476E+00
  0.190506E+01  0.703138E-01  0.165436E+00
  0.190780E+01  0.302552E+00  0.167251E+00
  0.191054E+01  0.427500E+00  0.168788E+00
  0.191328E+01  0.328190E+00  0.168635E+00
  0.191602E+01  0.617050E+00  0.168111E+00
  0.191876E+01  0.147249E+00  0.167853E+00
  0.192150E+01  0.445338E+00  0.169640E+00
  0.192425E+01  0.547739E+00  0.168959E+00
  0.192699E+01  0.497313E+00  0.167551E+00
  0.192973E+01  0.219779E+00  0.168818E+00
  0.193247E+01  0.166466E+00  0.170726E+00
  0.193521E+01  0.447330E+00  0.166607E+00
  0.193795E+01  0.218830E+00  0.168162E+00
  0.194069E+01  0.224905E+00  0.167663E+00
  0.194343E+01  0.233168E+00  0.167850E+00
  0.194617E+01  0.493962E+00  0.168307E+00
  0.194891E+01  0.719171E+00  0.167254E+00
  0.195165E+01  0.338980E+00  0.169122E+00
  0.195439E+01  0.495900E+00  0.168855E+00
  0.195713E+01  0.365111E+00  0.167788E+00
  0.195987E+01  0.300684E+00  0.168895E+00
  0.196261E+01  0.241035E+00  0.165899E+00
  0.196535E+01  0.348774E+00  0.168475E+00
  0.196809E+01  0.350654E+00  0.168994E+00
  0.197083E+01  0.251804E+00  0.168195E+00
  0.197357E+01  0.307890E+00  0.168126E+00
  0.197631E+01  0.221221E+00  0.171397E+00
  0.197905E+01  0.446915E+00  0.168021E+00
  0.198179E+01  0.268161E+00  0.166863E+00
  0.198453E+01  0.796128E+00  0.169579E+00
  0.198727E+01  0.130002E+00  0.167175E+00
  0.199001E+01  0.290719E+00  0.167259E+00
  0.199275E+01  0.348143E+00  0.166954E+00
  0.199549E+01  0.198954E+00  0.167422E+00
  0.199823E+01  0.138974E+00  0.165119E+00
  0.200097E+01  0.375573E+00  0.166881E+00
  0.200371E+01  0.397343E+00  0.167690E+00
  0.200645E+01  0.168261E+00  0.165922E+00
  0.200919E+01  0.435503E+00  0.171109E+00
  0.201194E+01  0.323880E+00  0.169348E+00
  0.201468E+01  0.378010E+00  0.168508E+00
  0.201742E+01  0.500990E+00  0.167172E+00
  0.202016E+01  0.235281E+00  0.167129E+00
  0.202290E+01  0.557216E+00  0.166126E+00
  0.202564E+01  0.172310E+00  0.167157E+00
  0.202838E+01  0.535174E+00  0.168714E+00
  0.203112E+01  0.337333E+00  0.167890E+00
  0.203386E+01  0.362911E+00  0.168064E+00
  0.203660E+01  0.387860E+00  0.165763E+00
  0.203934E+01  0.403938E+00  0.165108E+00
  0.204208E+01  0.414163E+00  0.167380E+00
  0.204482E+01  0.467007E+00  0.165100E+00
  0.204756E+01  0.226106E+00  0.167093E+00
  0.205030E+01  0.179569E+00  0.163639E+00
  0.205304E+01  0.273193E+00  0.168772E+00
  0.205578E+01  0.187606E+00  0.164185E+00
  0.205852E+01  0.132980E+00  0.167070E+00
  0.206126E+01  0.383290E+00  0.166400E+00
  0.206400E+01  0.399878E+00  0.167985E+00
  0.206674E+01  0.474380E+00  0.167327E+00
  0.206948E+01  0.512917E+00  0.165892E+00
  0.207222E+01  0.173523E+00  0.167610E+00
  0.207496E+01  0.241032E+00  0.167309E+00
  0.207770E+01  0.289051E+00  0.166835E+00
  0.208044E+01  0.318356E+00  0.166629E+00
  0.208318E+01  0.356817E+00  0.167190E+00
  0.208592E+01  0.553514E+00  0.167883E+00
  0.208866E+01  0.411935E-01  0.165903E+00
  0.209140E+01  0.186587E+00  0.166465E+00
  0.209414E+01  0.236931E+00  0.165434E+00
  0.209688E+01  0.396794E+00  0.166870E+00
  0.209962E+01  0.250457E+00  0.166786E+00
  0.210237E+01  0.262951E+00  0.166156E+00
  0.210511E+01  0.372544E+00  0.166064E+00
  0.210785E+01  0.466881E+00  0.167732E+00
  0.211059E+01  0.313748E+00  0.168718E+00
  0.211333E+01  0.516698E+00  0.166757E+00
  0.211607E+01  0.529840E+00  0.168080E+00
  0.211881E+01  0.260130E+00  0.166788E+00
  0.212155E+01  0.269715E+00  0.163610E+00
  0.212429E+01  0.131612E+00  0.165605E+00
  0.212703E+01  0.453167E+00  0.167065E+00
  0.212977E+01  0.155648E+00  0.166374E+00
  0.213251E+01  0.346973E+00  0.168120E+00
  0.213525E+01  0.244965E+00  0.164380E+00
  0.213799E+01  0.343166E+00  0.166383E+00
  0.214073E+01  0.196300E+00  0.164923E+00
  0.214347E+01  0.309388E+00  0.165109E+00
  0.214621E+01  0.109886E+00  0.164274E+00
  0.214895E+01  0.380983E+00  0.166364E+00
  0.215169E+01  0.287945E+00  0.166285E+00
  0.215443E+01  0.362685E+00  0.164248E+00
  0.215717E+01 -0.197575E+00  0.165136E+00
  0.215991E+01  0.409633E+00  0.164066E+00
  0.216265E+01  0.146256E+00  0.165737E+00
  0.216539E+01  0.307264E+00  0.164723E+00
  0.216813E+01  0.282475E+00  0.166669E+00
  0.217087E+01  0.329612E+00  0.161568E+00
  0.217361E+01  0.159106E+00  0.165020E+00
  0.217635E+01  0.177713E+00  0.165601E+00
  0.217909E+01  0.310738E+00  0.165070E+00
  0.218183E+01  0.282413E+00  0.165844E+00
  0.218457E+01  0.337127E+00  0.166850E+00
  0.218731E+01  0.310980E+00  0.164986E+00
  0.219006E+01  0.228377E+00  0.164672E+00
  0.219280E+01 -0.905801E-01  0.163170E+00
  0.219554E+01  0.362471E+00  0.164627E+00
  0.219828E+01  0.272831E+00  0.164544E+00
  0.220102E+01  0.339017E+00  0.166663E+00
  0.220376E+01  0.271374E+00  0.166926E+00
  0.220650E+01 -0.354704E-01  0.163883E+00
  0.220924E+01  0.205387E-01  0.163505E+00
  0.221198E+01 -0.118713E-01  0.166377E+00
  0.221472E+01  0.549777E+00  0.166194E+00
  0.221746E+01  0.485105E+00  0.161125E+00
  0.222020E+01  0.334316E-01  0.161953E+00
  0.222294E+01  0.265490E+00  0.164762E+00
  0.222568E+01  0.289216E+00  0.163624E+00
  0.222842E+01  0.200970E+00  0.163386E+00
  0.223116E+01  0.297098E+00  0.163036E+00
  0.223390E+01  0.377105E-01  0.162459E+00
  0.223664E+01  0.131681E+00  0.162512E+00
  0.223938E+01  0.183580E+00  0.164268E+00
  0.224212E+01  0.495308E+00  0.164785E+00
  0.224486E+01  0.276324E+00  0.163188E+00
  0.224760E+01  0.367995E+00  0.166929E+00
  0.225034E+01  0.356260E+00  0.163468E+00
  0.225308E+01  0.479019E+00  0.164124E+00
  0.225582E+01  0.329532E+00  0.163952E+00
  0.225856E+01  0.262897E+00  0.163919E+00
  0.226130E+01  0.348934E+00  0.163906E+00
  0.226404E+01  0.197378E-01  0.164326E+00
  0.226678E+01  0.408262E+00  0.164245E+00
  0.226952E+01  0.141392E+00  0.165286E+00
  0.227226E+01  0.279823E+00  0.163823E+00
  0.227500E+01 -0.760508E-01  0.161567E+00
  0.227775E+01  0.146157E+00  0.165190E+00
  0.228049E+01  0.253858E+00  0.164582E+00
  0.228323E+01  0.256339E+00  0.166325E+00
  0.228597E+01  0.310749E+00  0.163504E+00
  0.228871E+01  0.149845E+00  0.163504E+00
  0.229145E+01  0.162346E+00  0.164867E+00
  0.229419E+01 -0.636837E-01  0.167402E+00
  0.229693E+01  0.131519E+00  0.169730E+00
  0.229967E+01  0.504819E+00  0.166876E+00
  0.230241E+01  0.139688E+00  0.168957E+00
  0.230515E+01  0.394490E+00  0.168688E+00
  0.230789E+01  0.123525E+00  0.165544E+00
  0.231063E+01  0.574501E+00  0.167750E+00
  0.231337E+01  0.495924E+00  0.164776E+00
  0.231611E+01  0.265274E+00  0.162328E+00
  0.231885E+01  0.157635E+00  0.163714E+00
  0.232159E+01 -0.729126E-01  0.164054E+00
  0.232433E+01  0.233965E+00  0.162663E+00
  0.232707E+01  0.389145E+00  0.162712E+00
  0.232981E+01  0.226154E+00  0.162577E+00
  0.233255E+01  0.521901E-01  0.160713E+00
  0.233529E+01  0.168491E-01  0.162876E+00
  0.233803E+01  0.830894E-01  0.161497E+00
  0.234077E+01  0.350403E-01  0.162253E+00
  0.234351E+01  0.357246E+00  0.162052E+00
  0.234625E+01  0.179324E+00  0.161828E+00
  0.234899E+01  0.404060E+00  0.166097E+00
  0.235173E+01 -0.657326E-03  0.163349E+00
  0.235447E+01  0.149684E+00  0.164389E+00
  0.235721E+01  0.480423E+00  0.162143E+00
  0.235995E+01  0.827068E-01  0.163800E+00
  0.236269E+01  0.196539E+00  0.161570E+00
  0.236543E+01  0.425612E-01  0.162161E+00
  0.236818E+01  0.135443E+00  0.159896E+00
  0.237092E+01  0.344569E-01  0.160503E+00
  0.237366E+01  0.364382E+00  0.159341E+00
  0.237640E+01  0.413973E+00  0.161853E+00
  0.237914E+01  0.411871E+00  0.160815E+00
  0.238188E+01  0.401275E+00  0.160909E+00
  0.238462E+01  0.893444E-01  0.162152E+00
  0.238736E+01  0.137689E+00  0.160082E+00
  0.239010E+01  0.293228E+00  0.162895E+00
  0.239284E+01  0.225512E+00  0.162492E+00
  0.239558E+01  0.194571E+00  0.160501E+00
  0.239832E+01  0.274334E+00  0.162805E+00
  0.240106E+01  0.311880E+00  0.164968E+00
  0.240380E+01  0.270424E+00  0.162414E+00
  0.240654E+01  0.115736E+00  0.161913E+00
  0.240928E+01  0.280066E+00  0.160659E+00
  0.241202E+01  0.995019E-01  0.162206E+00
  0.241476E+01  0.204127E+00  0.161981E+00
  0.241750E+01  0.108876E+00  0.159907E+00
  0.242024E+01  0.256404E+00  0.162922E+00
  0.242298E+01  0.318384E-01  0.161116E+00
  0.242572E+01  0.182540E+00  0.160506E+00
  0.242846E+01  0.737417E-01  0.160737E+00
  0.243120E+01  0.369521E+00  0.159761E+00
  0.243394E+01  0.286189E+00  0.162140E+00
  0.243668E+01  0.248522E+00  0.161480E+00
  0.243942E+01  0.312632E+00  0.158968E+00
  0.244216E+01  0.156322E+00  0.159861E+00
  0.244490E+01  0.129068E+00  0.159739E+00
  0.244764E+01  0.188630E+00  0.160248E+00
  0.245038E+01  0.270123E+00  0.160547E+00
  0.245312E+01  0.308931E+00  0.164205E+00
  0.245587E+01  0.352897E+00  0.162915E+00
  0.245861E+01  0.257338E+00  0.161997E+00
  0.246135E+01 -0.680942E-01  0.160001E+00
  0.246409E+01  0.107001E+00  0.161270E+00
  0.246683E+01  0.370319E+00  0.162181E+00
  0.246957E+01  0.140948E+00  0.161667E+00
  0.247231E+01  0.161138E+00  0.160220E+00
  0.247505E+01  0.193099E+00  0.162308E+00
  0.247779E+01  0.242099E+00  0.159493E+00
  0.248053E+01  0.265962E+00  0.162677E+00
  0.248327E+01  0.183866E+00  0.161636E+00
  0.248601E+01  0.332961E+00  0.161103E+00
  0.248875E+01  0.164316E+00  0.160046E+00
  0.249149E+01  0.109800E+00  0.160661E+00
  0.249423E+01  0.880813E-01  0.159260E+00
  0.249697E+01  0.342977E+00  0.157145E+00
  0.249971E+01  0.259497E+00  0.161574E+00
  0.250245E+01  0.243892E+00  0.163699E+00
  0.250519E+01 -0.896586E-01  0.161571E+00
  0.250793E+01  0.189240E+00  0.159005E+00
  0.251067E+01  0.314954E+00  0.162484E+00
  0.251341E+01  0.267937E+00  0.161975E+00
  0.251615E+01  0.396182E+00  0.163302E+00
  0.251889E+01  0.153510E-01  0.161547E+00
  0.252163E+01  0.178474E+00  0.159507E+00
  0.252437E+01  0.219675E+00  0.161188E+00
  0.252711E+01 -0.324745E-01  0.160320E+00
  0.252985E+01  0.592714E-01  0.160562E+00
  0.253259E+01 -0.162301E-01  0.159538E+00
  0.253533E+01  0.260157E+00  0.159905E+00
  0.253807E+01  0.328578E+00  0.161449E+00
  0.254081E+01 -0.171640E-01  0.157541E+00
  0.254356E+01  0.895864E-01  0.157510E+00
  0.254630E+01  0.270201E+00  0.159941E+00
  0.254904E+01  0.139482E+00  0.160220E+00
  0.255178E+01  0.334358E+00  0.160270E+00
  0.255452E+01 -0.849810E-01  0.156892E+00
  0.255726E+01  0.157271E+00  0.158870E+00
  0.256000E+01  0.647968E-01  0.158101E+00
  0.256274E+01  0.701306E-01  0.158119E+00
  0.256548E+01  0.288314E+00  0.159085E+00
  0.256822E+01  0.342595E+00  0.159341E+00
  0.257096E+01  0.452966E+00  0.161616E+00
  0.257370E+01  0.326895E-01  0.159497E+00
  0.257644E+01  0.239954E+00  0.159804E+00
  0.257918E+01  0.755671E-01  0.160964E+00
  0.258192E+01  0.108361E+00  0.160293E+00
  0.258466E+01  0.185474E+00  0.161340E+00
  0.258740E+01  0.137814E+00  0.180079E+00
  0.259014E+01  0.327574E+00  0.189380E+00
  0.259288E+01  0.358860E-01  0.197032E+00
  0.259562E+01  0.102013E+00  0.202197E+00
  0.259836E+01  0.254318E+00  0.209104E+00
  0.260110E+01  0.419865E-01  0.214533E+00
  0.260384E+01  0.614375E-01  0.226276E+00
  0.260658E+01 -0.183580E+00  0.226751E+00
  0.260932E+01  0.640006E+00  0.233704E+00
  0.261206E+01 -0.283889E-01  0.235865E+00
  0.261480E+01  0.626862E+00  0.245146E+00
  0.261754E+01  0.396025E+00  0.251123E+00
  0.262028E+01  0.224213E+00  0.203848E+00
  0.262302E+01  0.147362E+00  0.193327E+00
  0.262576E+01 -0.111884E+00  0.187389E+00
  0.262850E+01  0.651909E-01  0.183070E+00
  0.263124E+01  0.126477E+00  0.181074E+00
  0.263399E+01  0.192756E+00  0.180801E+00
  0.263673E+01 -0.217639E-01  0.175684E+00
  0.263947E+01 -0.405739E-01  0.176902E+00
  0.264221E+01  0.382385E+00  0.173897E+00
  0.264495E+01  0.218029E+00  0.173374E+00
  0.264769E+01  0.149910E-01  0.175995E+00
  0.265043E+01 -0.145652E+00  0.170443E+00
  0.265317E+01  0.396800E+00  0.174273E+00
  0.265591E+01 -0.133771E+00  0.170320E+00
  0.265865E+01  0.110439E+00  0.172981E+00
  0.266139E+01  0.244313E+00  0.173050E+00
  0.266413E+01  0.288451E+00  0.173216E+00
  0.266687E+01  0.131744E+00  0.169133E+00
  0.266961E+01  0.996038E-01  0.171312E+00
  0.267235E+01  0.197455E+00  0.171811E+00
  0.267509E+01  0.306034E+00  0.173556E+00
  0.267783E+01 -0.217831E+00  0.171564E+00
  0.268057E+01  0.122868E+00  0.169719E+00
  0.268331E+01 -0.564386E-01  0.173511E+00
  0.268605E+01  0.180547E+00  0.173322E+00
  0.268879E+01 -0.143871E+00  0.167892E+00
  0.269153E+01 -0.700745E-02  0.168966E+00
  0.269427E+01  0.160572E+00  0.173885E+00
  0.269701E+01  0.149125E+00  0.169343E+00
  0.269975E+01  0.231186E+00  0.171420E+00
  0.270249E+01  0.218301E+00  0.169196E+00
  0.270523E+01 -0.129825E-01  0.167979E+00
  0.270797E+01 -0.104016E+00  0.169947E+00
  0.271071E+01 -0.148841E+00  0.169131E+00
  0.271345E+01  0.304704E-01  0.165487E+00
  0.271619E+01  0.309871E+00  0.169620E+00
  0.271893E+01 -0.343642E-01  0.165848E+00
  0.272168E+01  0.171759E+00  0.165751E+00
  0.272442E+01  0.285015E+00  0.166983E+00
  0.272716E+01  0.119013E+00  0.166132E+00
  0.272990E+01  0.423405E-01  0.160839E+00
  0.273264E+01  0.374563E+00  0.163651E+00
  0.273538E+01  0.592332E+00  0.164346E+00
  0.273812E+01  0.317149E-01  0.162605E+00
  0.274086E+01  0.279850E+00  0.162836E+00
  0.274360E+01  0.240389E-01  0.157380E+00
  0.274634E+01  0.400084E+00  0.161122E+00
  0.274908E+01  0.271625E+00  0.160477E+00
  0.275182E+01 -0.488895E-01  0.160331E+00
  0.275456E+01  0.238670E+00  0.161583E+00
  0.275730E+01  0.157970E+00  0.160065E+00
  0.276004E+01  0.116896E+00  0.160562E+00
  0.276278E+01  0.167992E+00  0.159127E+00
  0.276552E+01  0.758357E-01  0.162394E+00
  0.276826E+01  0.222243E+00  0.160158E+00
  0.277100E+01  0.768285E-01  0.161124E+00
  0.277374E+01  0.207729E-01  0.162714E+00
  0.277648E+01  0.189771E-01  0.160499E+00
  0.277922E+01  0.301752E+00  0.159340E+00
  0.278196E+01  0.824252E-01  0.156988E+00
  0.278470E+01  0.134356E+00  0.160365E+00
  0.278744E+01  0.373282E+00  0.161906E+00
  0.279018E+01  0.676371E-01  0.161277E+00
  0.279292E+01  0.163973E+00  0.160701E+00
  0.279566E+01  0.204462E+00  0.162572E+00
  0.279840E+01  0.139853E+00  0.160162E+00
  0.280114E+01  0.281115E+00  0.161199E+00
  0.280388E+01  0.233850E+00  0.158355E+00
  0.280662E+01  0.367785E+00  0.158826E+00
  0.280936E+01  0.263313E+00  0.158438E+00
  0.281211E+01  0.215637E+00  0.160495E+00
  0.281485E+01 -0.802480E-01  0.155138E+00
  0.281759E+01  0.170445E+00  0.160086E+00
  0.282033E+01  0.262512E+00  0.160313E+00
  0.282307E+01  0.191676E+00  0.161863E+00
  0.282581E+01  0.204934E+00  0.160401E+00
  0.282855E+01 -0.340106E-01  0.159226E+00
  0.283129E+01  0.233420E+00  0.159818E+00
  0.283403E+01  0.294360E+00  0.156473E+00
  0.283677E+01  0.107575E+00  0.159539E+00
  0.283951E+01  0.385408E+00  0.159800E+00
  0.284225E+01 -0.182090E-01  0.160067E+00
  0.284499E+01  0.334053E-01  0.158828E+00
  0.284773E+01  0.186826E+00  0.158270E+00
  0.285047E+01 -0.264025E-01  0.160506E+00
  0.285321E+01  0.188020E+00  0.158366E+00
  0.285595E+01  0.275494E+00  0.162434E+00
  0.285869E+01  0.116001E+00  0.159858E+00
  0.286143E+01  0.358883E-01  0.158615E+00
  0.286417E+01  0.351571E+00  0.156884E+00
  0.286691E+01  0.139339E+00  0.157999E+00
  0.286965E+01  0.158709E+00  0.160587E+00
  0.287239E+01  0.155131E+00  0.157816E+00
  0.287513E+01  0.280009E+00  0.160018E+00
  0.287787E+01  0.145832E+00  0.160902E+00
  0.288061E+01  0.349791E+00  0.158172E+00
  0.288335E+01  0.216815E+00  0.156805E+00
  0.288609E+01  0.229168E+00  0.161738E+00
  0.288883E+01  0.107784E+00  0.158502E+00
  0.289157E+01  0.241758E+00  0.159135E+00
  0.289431E+01  0.448455E-01  0.156839E+00
  0.289705E+01  0.156897E+00  0.158001E+00
  0.289980E+01 -0.747870E-01  0.160074E+00
  0.290254E+01  0.327852E+00  0.159526E+00
  0.290528E+01  0.195368E+00  0.157899E+00
  0.290802E+01  0.143926E-01  0.158705E+00
  0.291076E+01  0.496235E-01  0.156944E+00
  0.291350E+01  0.220456E+00  0.157916E+00
  0.291624E+01  0.320347E+00  0.155445E+00
  0.291898E+01 -0.148368E-01  0.158126E+00
  0.292172E+01  0.173299E+00  0.160170E+00
  0.292446E+01  0.251532E+00  0.157579E+00
  0.292720E+01 -0.131888E+00  0.156847E+00
  0.292994E+01  0.106211E+00  0.158980E+00
  0.293268E+01  0.353050E+00  0.158198E+00
  0.293542E+01  0.145586E+00  0.158252E+00
  0.293816E+01  0.156534E+00  0.160547E+00
  0.294090E+01  0.275063E+00  0.158110E+00
  0.294364E+01  0.117846E+00  0.157047E+00
  0.294638E+01  0.110415E+00  0.157277E+00
  0.294912E+01 -0.644806E-01  0.156198E+00
  0.295186E+01  0.167685E+00  0.158316E+00
  0.295460E+01  0.730421E-01  0.157990E+00
  0.295734E+01  0.171388E+00  0.158800E+00
  0.296008E+01 -0.423621E-01  0.158970E+00
  0.296282E+01 -0.714979E-01  0.158296E+00
  0.296556E+01  0.898033E-02  0.157280E+00
  0.296830E+01  0.428748E-01  0.156142E+00
  0.297104E+01  0.168329E+00  0.157199E+00
  0.297378E+01  0.211153E-01  0.159829E+00
  0.297652E+01  0.309110E-01  0.158438E+00
  0.297926E+01  0.117910E+00  0.156356E+00
  0.298200E+01  0.395224E+00  0.158937E+00
  0.298474E+01  0.214675E-01  0.158665E+00
  0.298749E+01  0.291523E+00  0.159032E+00
  0.299023E+01  0.133130E+00  0.158165E+00
  0.299297E+01 -0.287596E-02  0.154344E+00
  0.299571E+01  0.221676E+00  0.159726E+00
  0.299845E+01  0.131243E-02  0.156233E+00
  0.300119E+01  0.108139E+00  0.156366E+00
  0.300393E+01  0.174334E-01  0.157245E+00
  0.300667E+01  0.123843E+00  0.156768E+00
  0.300941E+01 -0.978623E-01  0.156016E+00
  0.301215E+01 -0.504318E-01  0.156711E+00
  0.301489E+01 -0.101941E+00  0.153294E+00
  0.301763E+01 -0.153157E+00  0.154165E+00
  0.302037E+01  0.144366E+00  0.156591E+00
  0.302311E+01  0.319327E-01  0.153505E+00
  0.302585E+01  0.753170E-01  0.157974E+00
  0.302859E+01  0.417326E+00  0.157349E+00
  0.303133E+01  0.577143E-01  0.156446E+00
  0.303407E+01  0.192623E+00  0.155989E+00
  0.303681E+01  0.944426E-01  0.156610E+00
  0.303955E+01  0.164559E+00  0.158897E+00
  0.304229E+01  0.205230E-01  0.157082E+00
  0.304503E+01 -0.328427E-01  0.158817E+00
  0.304777E+01  0.154651E-01  0.156916E+00
  0.305051E+01  0.208738E+00  0.158227E+00
  0.305325E+01  0.224794E+00  0.156962E+00
  0.305599E+01  0.119559E+00  0.157926E+00
  0.305873E+01  0.143953E+00  0.152361E+00
  0.306147E+01  0.295865E+00  0.158263E+00
  0.306421E+01 -0.151025E+00  0.153914E+00
  0.306695E+01  0.295608E+00  0.156648E+00
  0.306969E+01  0.200369E+00  0.157011E+00
  0.307243E+01  0.196365E+00  0.156495E+00
  0.307517E+01  0.986480E-01  0.154072E+00
  0.307792E+01  0.346018E+00  0.158027E+00
  0.308066E+01  0.143972E+00  0.153638E+00
  0.308340E+01  0.233518E+00  0.159469E+00
  0.308614E+01  0.222413E+00  0.156883E+00
  0.308888E+01  0.690065E-01  0.157831E+00
  0.309162E+01 -0.721894E-01  0.155162E+00
  0.309436E+01  0.246540E+00  0.158044E+00
  0.309710E+01  0.163833E+00  0.155784E+00
  0.309984E+01  0.686746E-01  0.159546E+00
  0.310258E+01  0.440917E-01  0.155882E+00
  0.310532E+01  0.155992E+00  0.156880E+00
  0.310806E+01  0.232550E+00  0.155901E+00
  0.311080E+01  0.493033E-01  0.156162E+00
  0.311354E+01  0.750202E-01  0.155173E+00
  0.311628E+01  0.875607E-01  0.157018E+00
  0.311902E+01  0.303526E+00  0.156551E+00
  0.312176E+01  0.365252E+00  0.156449E+00
  0.312450E+01  0.197955E+00  0.157402E+00
  0.312724E+01  0.663265E-01  0.152885E+00
  0.312998E+01  0.586283E-01  0.157720E+00
  0.313272E+01  0.125811E+00  0.158489E+00
  0.313546E+01  0.131933E+00  0.155357E+00
  0.313820E+01  0.698607E-01  0.156667E+00
  0.314094E+01 -0.768313E-01  0.156190E+00
  0.314368E+01  0.258810E+00  0.157584E+00
  0.314642E+01 -0.168256E+00  0.155883E+00
  0.314916E+01  0.201667E+00  0.154476E+00
  0.315190E+01  0.120350E+00  0.154803E+00
  0.315464E+01  0.936304E-01  0.156109E+00
  0.315738E+01 -0.123632E+00  0.156580E+00
  0.316012E+01  0.185699E+00  0.157307E+00
  0.316286E+01  0.161000E+00  0.154197E+00
  0.316561E+01  0.213103E+00  0.154195E+00
  0.316835E+01 -0.442102E-01  0.154812E+00
  0.317109E+01  0.229375E+00  0.157320E+00
  0.317383E+01  0.199036E+00  0.154277E+00
  0.317657E+01  0.766132E-02  0.155740E+00
  0.317931E+01  0.149802E+00  0.154978E+00
  0.318205E+01  0.121585E+00  0.156822E+00
  0.318479E+01  0.295563E-01  0.154026E+00
  0.318753E+01  0.119318E+00  0.155526E+00
  0.319027E+01 -0.537471E-01  0.155099E+00
  0.319301E+01 -0.175851E+00  0.155820E+00
  0.319575E+01 -0.126607E+00  0.156162E+00
  0.319849E+01 -0.290578E-01  0.153590E+00
  0.320123E+01  0.245522E-01  0.153468E+00
  0.320397E+01  0.410651E-01  0.155416E+00
  0.320671E+01  0.142721E+00  0.153715E+00
  0.320945E+01  0.190276E-01  0.155856E+00
  0.321219E+01  0.903308E-01  0.154955E+00
  0.321493E+01  0.988852E-01  0.154683E+00
  0.321767E+01  0.264284E+00  0.155964E+00
  0.322041E+01  0.162209E+00  0.154805E+00
  0.322315E+01  0.599830E-01  0.156232E+00
  0.322589E+01 -0.199341E+00  0.155863E+00
  0.322863E+01  0.213123E+00  0.155082E+00
  0.323137E+01  0.179610E+00  0.154040E+00
  0.323411E+01  0.775110E-01  0.157466E+00
  0.323685E+01 -0.572663E-01  0.154465E+00
  0.323959E+01 -0.192703E+00  0.156036E+00
  0.324233E+01 -0.113748E+00  0.154726E+00
  0.324507E+01  0.383103E-01  0.156287E+00
  0.324781E+01  0.187988E+00  0.155079E+00
  0.325055E+01  0.591981E-01  0.156883E+00
  0.325330E+01  0.150283E+00  0.154619E+00
  0.325604E+01  0.306333E+00  0.154603E+00
  0.325878E+01 -0.132489E+00  0.154074E+00
  0.326152E+01  0.231949E+00  0.155652E+00
  0.326426E+01  0.176256E+00  0.153741E+00
  0.326700E+01  0.220804E+00  0.154165E+00
  0.326974E+01  0.461637E-02  0.155806E+00
  0.327248E+01 -0.287821E-01  0.153791E+00
  0.327522E+01  0.119929E+00  0.155625E+00
  0.327796E+01 -0.832160E-01  0.153066E+00
  0.328070E+01  0.232843E+00  0.156539E+00
  0.328344E+01  0.904559E-01  0.153874E+00
  0.328618E+01  0.245273E+00  0.153405E+00
  0.328892E+01  0.268595E+00  0.155165E+00
  0.329166E+01  0.126260E+00  0.153011E+00
  0.329440E+01  0.687569E-01  0.152700E+00
  0.329714E+01  0.310463E+00  0.153870E+00
  0.329988E+01  0.667031E-01  0.154703E+00
  0.330262E+01  0.824606E-01  0.153502E+00
  0.330536E+01  0.556157E-02  0.154119E+00
  0.330810E+01  0.209434E+00  0.154504E+00
  0.331084E+01 -0.164099E+00  0.155552E+00
  0.331358E+01  0.330727E+00  0.154249E+00
  0.331632E+01  0.766062E-01  0.154655E+00
  0.331906E+01  0.160509E+00  0.152632E+00
  0.332180E+01  0.164414E+00  0.156222E+00
  0.332454E+01  0.657843E-02  0.153364E+00
  0.332728E+01  0.142276E-02  0.153268E+00
  0.333002E+01  0.132016E+00  0.152199E+00
  0.333276E+01  0.169529E+00  0.154157E+00
  0.333550E+01  0.149691E-02  0.154613E+00
  0.333824E+01 -0.990706E-01  0.153422E+00
  0.334098E+01  0.141530E+00  0.150458E+00
  0.334373E+01  0.197659E+00  0.154391E+00
  0.334647E+01  0.129634E+00  0.155368E+00
  0.334921E+01  0.249776E+00  0.154373E+00
  0.335195E+01  0.315460E+00  0.154582E+00
  0.335469E+01 -0.663021E-02  0.152777E+00
  0.335743E+01  0.425992E+00  0.157503E+00
  0.336017E+01  0.287544E+00  0.155746E+00
  0.336291E+01  0.591212E-01  0.153492E+00
  0.336565E+01 -0.268381E-01  0.153628E+00
  0.336839E+01  0.351635E-01  0.155558E+00
  0.337113E+01  0.479955E-01  0.152733E+00
  0.337387E+01  0.205013E+00  0.155179E+00
  0.337661E+01  0.175069E+00  0.154556E+00
  0.337935E+01  0.962594E-01  0.153992E+00
  0.338209E+01  0.344564E+00  0.155021E+00
  0.338483E+01  0.199911E+00  0.156535E+00
  0.338757E+01  0.388066E+00  0.155305E+00
  0.339031E+01  0.209264E+00  0.154313E+00
  0.339305E+01  0.511641E-01  0.153891E+00
  0.339579E+01  0.191761E+00  0.153865E+00
  0.339853E+01 -0.340274E-01  0.154528E+00
  0.340127E+01  0.198383E+00  0.152061E+00
  0.340401E+01  0.156909E-01  0.154258E+00
  0.340675E+01 -0.179240E+00  0.151580E+00
  0.340949E+01  0.126380E+00  0.153291E+00
  0.341223E+01  0.159182E+00  0.155732E+00
  0.341497E+01  0.148884E+00  0.153321E+00
  0.341771E+01  0.468009E-01  0.152485E+00
  0.342045E+01  0.100743E+00  0.156317E+00
  0.342319E+01  0.185551E+00  0.154350E+00
  0.342593E+01  0.277972E+00  0.152850E+00
  0.342867E+01 -0.879102E-01  0.153066E+00
  0.343142E+01 -0.782260E-01  0.152329E+00
  0.343416E+01  0.198718E+00  0.154630E+00
  0.343690E+01 -0.105984E+00  0.154048E+00
  0.343964E+01  0.994827E-01  0.153501E+00
  0.344238E+01  0.795434E-01  0.151827E+00
  0.344512E+01  0.109578E+00  0.154263E+00
  0.344786E+01  0.767492E-01  0.153546E+00
  0.345060E+01  0.162216E+00  0.153919E+00
  0.345334E+01  0.103745E+00  0.150248E+00
  0.345608E+01  0.796028E-01  0.153046E+00
  0.345882E+01 -0.256583E-01  0.152952E+00
  0.346156E+01  0.187093E+00  0.154863E+00
  0.346430E+01  0.244573E+00  0.154567E+00
  0.346704E+01  0.182426E+00  0.155283E+00
  0.346978E+01  0.127047E+00  0.153919E+00
  0.347252E+01  0.146452E+00  0.155642E+00
  0.347526E+01 -0.628859E-01  0.155323E+00
  0.347800E+01  0.325567E+00  0.154377E+00
  0.348074E+01  0.244644E+00  0.153096E+00
  0.348348E+01  0.160476E+00  0.151118E+00
  0.348622E+01  0.118688E+00  0.153848E+00
  0.348896E+01  0.369571E+00  0.152382E+00
  0.349170E+01  0.186705E-01  0.154092E+00
  0.349444E+01  0.105302E+00  0.154897E+00
  0.349718E+01  0.191069E+00  0.152024E+00
  0.349992E+01  0.392231E-02  0.152233E+00
  0.350266E+01  0.124340E+00  0.152955E+00
  0.350540E+01  0.427291E+00  0.152058E+00
  0.350814E+01  0.190686E+00  0.152234E+00
  0.351088E+01 -0.202581E+00  0.152040E+00
  0.351362E+01  0.298948E+00  0.154540E+00
  0.351636E+01  0.411098E+00  0.153109E+00
  0.351910E+01  0.194108E+00  0.154819E+00
  0.352185E+01  0.208678E-01  0.154064E+00
  0.352459E+01  0.142299E+00  0.152458E+00
  0.352733E+01  0.479243E-01  0.151269E+00
  0.353007E+01  0.428432E+00  0.152601E+00
  0.353281E+01  0.114453E+00  0.152763E+00
  0.353555E+01  0.229468E+00  0.154516E+00
  0.353829E+01  0.112027E+00  0.151832E+00
  0.354103E+01 -0.126188E+00  0.153401E+00
  0.354377E+01  0.168740E+00  0.153698E+00
  0.354651E+01  0.408843E+00  0.155023E+00
  0.354925E+01  0.139583E+00  0.152595E+00
  0.355199E+01  0.425286E+00  0.150937E+00
  0.355473E+01  0.217658E+00  0.151112E+00
  0.355747E+01 -0.867268E-01  0.154126E+00
  0.356021E+01  0.233120E+00  0.151529E+00
  0.356295E+01  0.105098E+00  0.153785E+00
  0.356569E+01  0.457609E+00  0.153501E+00
  0.356843E+01  0.423806E+00  0.154949E+00
  0.357117E+01  0.299230E+00  0.156632E+00
  0.357391E+01  0.230261E+00  0.151604E+00
  0.357665E+01  0.179014E-01  0.154444E+00
  0.357939E+01  0.141188E+00  0.152514E+00
  0.358213E+01  0.268433E+00  0.150232E+00
  0.358487E+01  0.168211E+00  0.150570E+00
  0.358761E+01  0.900009E-01  0.153271E+00
  0.359035E+01  0.108064E+00  0.153822E+00
  0.359309E+01  0.496868E-01  0.149587E+00
  0.359583E+01 -0.805205E-01  0.153706E+00
  0.359857E+01 -0.183490E+00  0.152153E+00
  0.360131E+01  0.238353E+00  0.152970E+00
  0.360405E+01  0.158070E+00  0.156040E+00
  0.360679E+01  0.221298E+00  0.153357E+00
  0.360954E+01  0.218428E+00  0.152624E+00
  0.361228E+01  0.567130E-01  0.153589E+00
  0.361502E+01  0.913259E-01  0.151360E+00
  0.361776E+01  0.156822E+00  0.152704E+00
  0.362050E+01  0.298250E+00  0.152486E+00
  0.362324E+01 -0.183446E+00  0.154165E+00
  0.362598E+01 -0.148929E+00  0.153582E+00
  0.362872E+01  0.231028E+00  0.150567E+00
  0.363146E+01  0.129730E+00  0.152131E+00
  0.363420E+01  0.323186E+00  0.152839E+00
  0.363694E+01  0.222718E+00  0.151880E+00
  0.363968E+01 -0.774249E-01  0.149860E+00
  0.364242E+01  0.233502E+00  0.154247E+00
  0.364516E+01  0.281453E+00  0.152829E+00
  0.364790E+01  0.167191E+00  0.153705E+00
  0.365064E+01  0.287215E+00  0.154181E+00
  0.365338E+01  0.255632E+00  0.151312E+00
  0.365612E+01  0.340563E+00  0.153420E+00
  0.365886E+01  0.411405E-01  0.154951E+00
  0.366160E+01  0.140070E+00  0.151496E+00
  0.366434E+01  0.358884E+00  0.152980E+00
  0.366708E+01  0.176907E+00  0.152123E+00
  0.366982E+01 -0.521329E-01  0.153365E+00
  0.367256E+01  0.118743E+00  0.151334E+00
  0.367530E+01  0.101679E+00  0.151310E+00
  0.367804E+01  0.314254E+00  0.153518E+00
  0.368078E+01  0.305473E+00  0.152466E+00
  0.368352E+01  0.696636E-01  0.151515E+00
  0.368626E+01  0.565193E-01  0.151702E+00
  0.368900E+01 -0.939315E-02  0.152054E+00
  0.369174E+01  0.147052E+00  0.152601E+00
  0.369448E+01  0.108533E+00  0.151345E+00
  0.369723E+01  0.436501E+00  0.155129E+00
  0.369997E+01 -0.168822E+00  0.152360E+00
  0.370271E+01  0.132345E+00  0.151414E+00
  0.370545E+01  0.358692E+00  0.151745E+00
  0.370819E+01  0.316983E+00  0.152613E+00
  0.371093E+01  0.156808E+00  0.153411E+00
  0.371367E+01 -0.542535E-01  0.152020E+00
  0.371641E+01  0.972725E-01  0.152893E+00
  0.371915E+01  0.133373E+00  0.152892E+00
  0.372189E+01  0.192620E+00  0.153440E+00
  0.372463E+01  0.264878E+00  0.153550E+00
  0.372737E+01  0.357798E-01  0.154302E+00
  0.373011E+01  0.715763E-01  0.155154E+00
  0.373285E+01  0.133721E+00  0.152508E+00
  0.373559E+01 -0.242968E+00  0.152832E+00
  0.373833E+01  0.264065E+00  0.154454E+00
  0.374107E+01  0.131394E+00  0.152695E+00
  0.374381E+01  0.356846E-01  0.154591E+00
  0.374655E+01  0.611707E-01  0.152562E+00
  0.374929E+01  0.287020E+00  0.153639E+00
  0.375203E+01  0.367414E+00  0.153748E+00
  0.375477E+01 -0.632722E-02  0.150335E+00
  0.375751E+01  0.277457E+00  0.156102E+00
  0.376025E+01  0.129841E+00  0.151881E+00
  0.376299E+01  0.197427E+00  0.152123E+00
  0.376573E+01  0.112999E+00  0.154532E+00
  0.376847E+01  0.117229E+00  0.152611E+00
  0.377121E+01  0.340895E+00  0.155515E+00
  0.377395E+01  0.441512E-01  0.151353E+00
  0.377669E+01  0.270661E+00  0.152400E+00
  0.377943E+01 -0.117520E+00  0.150431E+00
  0.378217E+01  0.107356E+00  0.152264E+00
  0.378491E+01  0.229831E+00  0.151759E+00
  0.378766E+01  0.786493E-01  0.154551E+00
  0.379040E+01  0.152066E+00  0.151946E+00
  0.379314E+01  0.286877E-01  0.151395E+00
  0.379588E+01  0.260656E+00  0.154879E+00
  0.379862E+01 -0.107753E+00  0.150635E+00
  0.380136E+01  0.460172E+00  0.152960E+00
  0.380410E+01  0.260943E-01  0.151100E+00
  0.380684E+01  0.158862E+00  0.151902E+00
  0.380958E+01 -0.866743E-01  0.154673E+00
  0.381232E+01 -0.223993E+00  0.153739E+00
  0.381506E+01  0.165157E+00  0.152743E+00
  0.381780E+01  0.505456E+00  0.154840E+00
  0.382054E+01  0.878499E-01  0.152669E+00
  0.382328E+01  0.233054E+00  0.152131E+00
  0.382602E+01  0.222327E+00  0.154605E+00
  0.382876E+01  0.253191E+00  0.153863E+00
  0.383150E+01  0.158342E+00  0.154378E+00
  0.383424E+01  0.151108E+00  0.154215E+00
  0.383698E+01  0.296683E+00  0.152895E+00
  0.383972E+01  0.176448E+00  0.153980E+00
  0.384246E+01  0.149176E+00  0.150172E+00
  0.384520E+01  0.483970E-01  0.150089E+00
  0.384794E+01  0.253200E+00  0.152676E+00
  0.385068E+01  0.211842E+00  0.152104E+00
  0.385342E+01  0.380718E+00  0.152274E+00
  0.385616E+01  0.135419E+00  0.150673E+00
  0.385890E+01  0.881574E-01  0.152186E+00
  0.386164E+01  0.376322E-01  0.151285E+00
  0.386438E+01  0.182012E+00  0.153441E+00
  0.386712E+01  0.196266E+00  0.150958E+00
  0.386986E+01  0.682310E-01  0.150457E+00
  0.387260E+01  0.192807E+00  0.150849E+00
  0.387535E+01  0.175965E+00  0.151488E+00
  0.387809E+01  0.323371E+00  0.153717E+00
  0.388083E+01  0.257349E-02  0.151147E+00
  0.388357E+01  0.528282E+00  0.155244E+00
  0.388631E+01  0.227021E+00  0.151857E+00
  0.388905E+01  0.133279E+00  0.152239E+00
  0.389179E+01  0.938308E-01  0.153233E+00
  0.389453E+01 -0.389273E-02  0.153336E+00
  0.389727E+01  0.162267E+00  0.153725E+00
  0.390001E+01  0.157720E+00  0.152550E+00
  0.390275E+01  0.201345E+00  0.154966E+00
  0.390549E+01  0.618200E-01  0.150595E+00
  0.390823E+01 -0.279085E-01  0.152235E+00
  0.391097E+01  0.420498E+00  0.152158E+00
  0.391371E+01  0.220095E+00  0.150588E+00
  0.391645E+01  0.203455E+00  0.154290E+00
  0.391919E+01  0.135023E+00  0.153383E+00
  0.392193E+01  0.386033E+00  0.154485E+00
  0.392467E+01  0.224716E+00  0.150774E+00
  0.392741E+01 -0.405895E-01  0.152304E+00
  0.393015E+01  0.446308E+00  0.154447E+00
  0.393289E+01  0.553175E-01  0.151958E+00
  0.393563E+01  0.238429E+00  0.154472E+00
  0.393837E+01  0.477190E+00  0.151731E+00
  0.394111E+01  0.138811E+00  0.150836E+00
  0.394385E+01  0.785968E-02  0.174847E+00
  0.394659E+01 -0.611698E-01  0.190027E+00
  0.394933E+01  0.246212E+00  0.196481E+00
  0.395207E+01 -0.107573E+00  0.212777E+00
  0.395481E+01 -0.375215E-01  0.216628E+00
  0.395755E+01  0.127111E+00  0.229106E+00
  0.396029E+01  0.114145E+00  0.233208E+00
  0.396304E+01  0.306332E+00  0.249353E+00
  0.396578E+01 -0.487263E+00  0.247036E+00
  0.396852E+01  0.120101E+00  0.259235E+00
  0.397126E+01 -0.133644E+00  0.199257E+00
  0.397400E+01  0.244981E+00  0.181918E+00
  0.397674E+01  0.432442E+00  0.181212E+00
  0.397948E+01 -0.461214E-01  0.174121E+00
  0.398222E+01  0.587275E+00  0.176482E+00
  0.398496E+01  0.221491E+00  0.173038E+00
  0.398770E+01  0.812713E-01  0.171273E+00
  0.399044E+01  0.127985E+00  0.171138E+00
  0.399318E+01  0.443785E+00  0.170352E+00
  0.399592E+01  0.159799E+00  0.166170E+00
  0.399866E+01 -0.169042E-01  0.166934E+00
  0.400140E+01  0.223805E+00  0.171751E+00
  0.400414E+01  0.294932E+00  0.163367E+00
  0.400688E+01  0.379813E+00  0.164905E+00
  0.400962E+01 -0.992452E-01  0.165139E+00
  0.401236E+01  0.284086E+00  0.168378E+00
  0.401510E+01  0.169909E+00  0.165339E+00
  0.401784E+01  0.269435E+00  0.165054E+00
  0.402058E+01  0.170173E-01  0.163007E+00
  0.402332E+01  0.234848E+00  0.165293E+00
  0.402606E+01  0.162801E+00  0.164386E+00
  0.402880E+01  0.331631E+00  0.159773E+00
  0.403154E+01  0.127696E+00  0.159038E+00
  0.403428E+01  0.184532E+00  0.158906E+00
  0.403702E+01  0.169632E+00  0.158657E+00
  0.403976E+01  0.198824E+00  0.157437E+00
  0.404250E+01  0.338726E+00  0.155335E+00
  0.404524E+01  0.152102E+00  0.153325E+00
  0.404798E+01  0.323401E-01  0.154416E+00
  0.405072E+01  0.213611E+00  0.152398E+00
  0.405347E+01 -0.106163E-01  0.151845E+00
  0.405621E+01  0.459460E+00  0.155211E+00
  0.405895E+01  0.114204E+00  0.152738E+00
  0.406169E+01 -0.256993E+00  0.151365E+00
  0.406443E+01  0.160650E+00  0.154443E+00
  0.406717E+01  0.378731E+00  0.153279E+00
  0.406991E+01  0.985597E-01  0.154738E+00
  0.407265E+01  0.393695E+00  0.154604E+00
  0.407539E+01  0.189898E+00  0.154374E+00
  0.407813E+01  0.768755E-02  0.153256E+00
  0.408087E+01  0.236560E+00  0.153921E+00
  0.408361E+01  0.100644E+00  0.151464E+00
  0.408635E+01  0.208208E+00  0.153058E+00
  0.408909E+01  0.343741E-01  0.151873E+00
  0.409183E+01  0.355274E+00  0.153470E+00
  0.409457E+01  0.263908E+00  0.152736E+00
  0.409731E+01 -0.323541E-01  0.152162E+00
  0.410005E+01  0.844354E-01  0.153431E+00
  0.410279E+01  0.393063E-01  0.153454E+00
  0.410553E+01  0.210145E+00  0.154258E+00
  0.410827E+01  0.338806E-01  0.155131E+00
  0.411101E+01  0.246948E+00  0.153329E+00
  0.411375E+01  0.259209E+00  0.154973E+00
  0.411649E+01  0.291864E+00  0.154809E+00
  0.411923E+01  0.398160E-01  0.153578E+00
  0.412197E+01  0.232388E+00  0.154868E+00
  0.412471E+01  0.374848E+00  0.153720E+00
  0.412745E+01  0.101318E+00  0.150221E+00
  0.413019E+01  0.655627E-01  0.152139E+00
  0.413293E+01  0.301853E+00  0.153178E+00
  0.413567E+01  0.315760E-01  0.151647E+00
  0.413841E+01  0.324995E+00  0.153097E+00
  0.414116E+01  0.397148E-01  0.153291E+00
  0.414390E+01  0.210568E+00  0.155083E+00
  0.414664E+01  0.323003E+00  0.154510E+00
  0.414938E+01  0.493503E-01  0.154029E+00
  0.415212E+01  0.294239E+00  0.154978E+00
  0.415486E+01  0.326521E+00  0.153697E+00
  0.415760E+01  0.111692E+00  0.150525E+00
  0.416034E+01  0.204138E+00  0.154783E+00
  0.416308E+01  0.180912E+00  0.152933E+00
  0.416582E+01  0.209396E+00  0.154540E+00
  0.416856E+01  0.680280E-01  0.154449E+00
  0.417130E+01  0.100272E+00  0.154141E+00
  0.417404E+01  0.473503E+00  0.153609E+00
  0.417678E+01  0.377531E+00  0.151934E+00
  0.417952E+01  0.425983E+00  0.154155E+00
  0.418226E+01  0.302584E+00  0.153886E+00
  0.418500E+01  0.140695E+00  0.151908E+00
  0.418774E+01 -0.521374E-01  0.150727E+00
  0.419048E+01  0.111800E+00  0.152375E+00
  0.419322E+01  0.122979E+00  0.155722E+00
  0.419596E+01  0.432723E+00  0.153534E+00
  0.419870E+01  0.103903E+00  0.152906E+00
  0.420144E+01  0.342447E+00  0.149883E+00
  0.420418E+01  0.199846E+00  0.152221E+00
  0.420692E+01  0.211238E+00  0.150676E+00
  0.420966E+01  0.112427E+00  0.153166E+00
  0.421240E+01  0.287879E-01  0.157685E+00
  0.421514E+01  0.167145E+00  0.149493E+00
  0.421788E+01  0.196847E+00  0.154695E+00
  0.422062E+01  0.153026E+00  0.151702E+00
  0.422336E+01 -0.672754E-01  0.151496E+00
  0.422610E+01  0.295809E+00  0.152490E+00
  0.422884E+01 -0.872829E-01  0.153893E+00
  0.423159E+01  0.243415E-01  0.153401E+00
  0.423433E+01  0.322330E+00  0.153886E+00
  0.423707E+01  0.192089E+00  0.151410E+00
  0.423981E+01  0.211654E+00  0.153094E+00
  0.424255E+01  0.202839E-02  0.153412E+00
  0.424529E+01  0.163153E+00  0.152991E+00
  0.424803E+01  0.623833E-01  0.152158E+00
  0.425077E+01  0.733609E-01  0.153808E+00
  0.425351E+01  0.338860E+00  0.150032E+00
  0.425625E+01  0.190531E+00  0.154298E+00
  0.425899E+01  0.292494E+00  0.151056E+00
  0.426173E+01  0.388816E+00  0.154682E+00
  0.426447E+01  0.126800E+00  0.153901E+00
  0.426721E+01  0.314506E+00  0.145887E+00
  0.426995E+01  0.281641E+00  0.151307E+00
  0.427269E+01  0.259152E+00  0.154631E+00
  0.427543E+01  0.207443E+00  0.154626E+00
  0.427817E+01  0.152378E+00  0.149597E+00
  0.428091E+01  0.928056E-01  0.151603E+00
  0.428365E+01  0.239585E+00  0.155331E+00
  0.428639E+01  0.119735E+00  0.153061E+00
  0.428913E+01  0.298829E-01  0.154561E+00
  0.429187E+01  0.133399E+00  0.150680E+00
  0.429461E+01  0.283432E+00  0.154687E+00
  0.429735E+01  0.298418E+00  0.154636E+00
  0.430009E+01  0.101557E+00  0.152816E+00
  0.430283E+01  0.345365E+00  0.153331E+00
  0.430557E+01  0.268306E+00  0.152363E+00
  0.430831E+01  0.286538E-01  0.150942E+00
  0.431105E+01 -0.117501E-01  0.152203E+00
  0.431379E+01  0.479203E+00  0.155198E+00
  0.431653E+01  0.190966E+00  0.151585E+00
  0.431928E+01  0.796234E-01  0.153777E+00
  0.432202E+01  0.435630E-01  0.151741E+00
  0.432476E+01  0.974379E-01  0.153479E+00
  0.432750E+01  0.265593E+00  0.154011E+00
  0.433024E+01  0.739897E-01  0.152361E+00
  0.433298E+01  0.218046E+00  0.154058E+00
  0.433572E+01  0.155339E+00  0.155531E+00
  0.433846E+01  0.326035E+00  0.153674E+00
  0.434120E+01  0.280214E-01  0.151664E+00
  0.434394E+01  0.212093E+00  0.153288E+00
  0.434668E+01  0.191082E+00  0.155704E+00
  0.434942E+01  0.339308E+00  0.153714E+00
  0.435216E+01 -0.157098E+00  0.152837E+00
  0.435490E+01  0.151352E+00  0.153885E+00
  0.435764E+01  0.210569E+00  0.154391E+00
  0.436038E+01 -0.813008E-01  0.149707E+00
  0.436312E+01  0.259247E+00  0.149219E+00
  0.436586E+01  0.216847E+00  0.153118E+00
  0.436860E+01  0.744478E-01  0.150315E+00
  0.437134E+01  0.525144E+00  0.152375E+00
  0.437408E+01  0.247473E+00  0.151929E+00
  0.437682E+01  0.272110E+00  0.153549E+00
  0.437956E+01 -0.500430E-01  0.153007E+00
  0.438230E+01  0.414470E+00  0.151762E+00
  0.438504E+01  0.831754E-01  0.152026E+00
  0.438778E+01  0.428506E-01  0.148807E+00
  0.439052E+01  0.691304E-01  0.154712E+00
  0.439326E+01  0.298514E+00  0.151675E+00
  0.439600E+01  0.142284E+00  0.150141E+00
  0.439874E+01 -0.203107E-01  0.149396E+00
  0.440148E+01  0.489334E+00  0.152543E+00
  0.440422E+01  0.205746E+00  0.150690E+00
  0.440697E+01  0.351707E+00  0.152680E+00
  0.440971E+01  0.305473E+00  0.152628E+00
  0.441245E+01  0.267635E+00  0.155017E+00
  0.441519E+01  0.267354E+00  0.150764E+00
  0.441793E+01  0.703210E+00  0.153974E+00
  0.442067E+01  0.278315E+00  0.151022E+00
  0.442341E+01  0.224352E+00  0.151260E+00
  0.442615E+01  0.119823E+00  0.152018E+00
  0.442889E+01  0.207194E+00  0.151228E+00
  0.443163E+01  0.304937E+00  0.152694E+00
  0.443437E+01  0.289339E+00  0.151790E+00
  0.443711E+01  0.693371E-01  0.152037E+00
  0.443985E+01  0.216976E+00  0.153642E+00
  0.444259E+01 -0.239891E-01  0.153462E+00
  0.444533E+01  0.516971E+00  0.153627E+00
  0.444807E+01  0.355656E+00  0.150247E+00
  0.445081E+01  0.211121E+00  0.153725E+00
  0.445355E+01  0.158500E+00  0.152720E+00
  0.445629E+01  0.161255E+00  0.153161E+00
  0.445903E+01  0.273409E+00  0.150783E+00
  0.446177E+01  0.494946E+00  0.150783E+00
  0.446451E+01  0.235483E+00  0.150917E+00
  0.446725E+01  0.262253E+00  0.149950E+00
  0.446999E+01  0.862383E-01  0.151096E+00
  0.447273E+01 -0.179129E+00  0.151312E+00
  0.447547E+01  0.126385E+00  0.151136E+00
  0.447821E+01  0.126825E+00  0.150243E+00
  0.448095E+01  0.525862E+00  0.153994E+00
  0.448369E+01  0.319877E+00  0.150839E+00
  0.448643E+01 -0.912702E-01  0.149567E+00
  0.448917E+01  0.308673E+00  0.151641E+00
  0.449191E+01  0.323672E+00  0.152577E+00
  0.449465E+01  0.256892E+00  0.151995E+00
  0.449740E+01  0.124972E+00  0.152241E+00
  0.450014E+01  0.160652E+00  0.152048E+00
  0.450288E+01  0.204906E+00  0.148461E+00
  0.450562E+01  0.471510E+00  0.152181E+00
  0.450836E+01  0.808125E-01  0.153835E+00
  0.451110E+01 -0.518883E-01  0.149665E+00
  0.451384E+01  0.313981E+00  0.151804E+00
  0.451658E+01  0.125108E+00  0.153913E+00
  0.451932E+01 -0.146090E+00  0.153747E+00
  0.452206E+01  0.161011E+00  0.151851E+00
  0.452480E+01  0.229906E+00  0.151318E+00
  0.452754E+01  0.730202E-01  0.152645E+00
  0.453028E+01  0.288450E+00  0.150125E+00
  0.453302E+01  0.219117E+00  0.154729E+00
  0.453576E+01 -0.518461E-02  0.153784E+00
  0.453850E+01  0.197443E+00  0.153371E+00
  0.454124E+01  0.213507E+00  0.151871E+00
  0.454398E+01  0.176359E+00  0.151926E+00
  0.454672E+01 -0.647386E-01  0.152668E+00
  0.454946E+01  0.171829E+00  0.150407E+00
  0.455220E+01  0.571494E-01  0.154647E+00
  0.455494E+01  0.205013E+00  0.149666E+00
  0.455768E+01  0.352644E+00  0.154586E+00
  0.456042E+01  0.281686E-01  0.149517E+00
  0.456316E+01  0.186516E+00  0.151349E+00
  0.456590E+01  0.531144E+00  0.153115E+00
  0.456864E+01  0.268518E+00  0.151970E+00
  0.457138E+01 -0.118573E+00  0.156389E+00
  0.457412E+01 -0.275224E-01  0.155422E+00
  0.457686E+01 -0.369602E-01  0.153815E+00
  0.457960E+01  0.636576E-01  0.158796E+00
  0.458234E+01  0.125019E+00  0.157290E+00
  0.458509E+01 -0.324324E-01  0.157059E+00
  0.458783E+01  0.335394E+00  0.160251E+00
  0.459057E+01  0.202731E+00  0.162579E+00
  0.459331E+01  0.119517E+00  0.163602E+00
  0.459605E+01  0.718047E-01  0.165075E+00
  0.459879E+01  0.902460E-01  0.164927E+00
  0.460153E+01 -0.190860E-01  0.168117E+00
  0.460427E+01  0.103483E+00  0.164234E+00
  0.460701E+01  0.354657E+00  0.163590E+00
  0.460975E+01  0.132826E+00  0.163187E+00
  0.461249E+01  0.601319E+00  0.162074E+00
  0.461523E+01  0.136386E+00  0.158287E+00
  0.461797E+01  0.784868E-01  0.156270E+00
  0.462071E+01  0.323832E+00  0.157020E+00
  0.462345E+01  0.477886E+00  0.157134E+00
  0.462619E+01 -0.781068E-01  0.158436E+00
  0.462893E+01  0.197746E+00  0.156835E+00
  0.463167E+01  0.172116E+00  0.154559E+00
  0.463441E+01  0.973462E-01  0.156803E+00
  0.463715E+01 -0.377284E-01  0.152442E+00
  0.463989E+01  0.130168E+00  0.152389E+00
  0.464263E+01  0.299919E+00  0.150228E+00
  0.464537E+01  0.199593E-01  0.152487E+00
  0.464811E+01  0.193934E+00  0.149906E+00
  0.465085E+01 -0.269329E+00  0.151222E+00
  0.465359E+01  0.159400E+00  0.151829E+00
  0.465633E+01  0.144824E+00  0.151185E+00
  0.465907E+01  0.338822E+00  0.152072E+00
  0.466181E+01  0.975130E-01  0.153024E+00
  0.466455E+01  0.250203E+00  0.152294E+00
  0.466729E+01  0.161247E+00  0.152172E+00
  0.467003E+01  0.209243E+00  0.152101E+00
  0.467278E+01  0.828868E-01  0.152997E+00
  0.467552E+01  0.235476E+00  0.153634E+00
  0.467826E+01  0.116662E+00  0.152982E+00
  0.468100E+01 -0.374006E-01  0.151473E+00
  0.468374E+01  0.446406E-01  0.154177E+00
  0.468648E+01  0.125216E+00  0.152626E+00
  0.468922E+01  0.211854E+00  0.153093E+00
  0.469196E+01  0.451394E+00  0.152792E+00
  0.469470E+01  0.230052E+00  0.150505E+00
  0.469744E+01  0.703450E-01  0.151817E+00
  0.470018E+01  0.159821E+00  0.152357E+00
  0.470292E+01  0.100644E+00  0.153608E+00
  0.470566E+01  0.936586E-01  0.154408E+00
  0.470840E+01 -0.109421E+00  0.153100E+00
  0.471114E+01  0.138832E+00  0.151622E+00
  0.471388E+01  0.185617E+00  0.152388E+00
  0.471662E+01  0.105363E+00  0.154516E+00
  0.471936E+01  0.144595E-01  0.151520E+00
  0.472210E+01 -0.509223E-01  0.151170E+00
  0.472484E+01  0.956170E-01  0.154073E+00
  0.472758E+01  0.212178E+00  0.155188E+00
  0.473032E+01  0.255708E+00  0.152127E+00
  0.473306E+01  0.292209E+00  0.154840E+00
  0.473580E+01 -0.109815E+00  0.150894E+00
  0.473854E+01  0.148382E+00  0.154095E+00
  0.474128E+01  0.104990E+00  0.150569E+00
  0.474402E+01  0.551632E-01  0.152667E+00
  0.474676E+01 -0.630213E-01  0.152512E+00
  0.474950E+01  0.344427E-01  0.154228E+00
  0.475224E+01 -0.380881E-01  0.153374E+00
  0.475498E+01  0.687559E-02  0.153284E+00
  0.475772E+01  0.363037E+00  0.153871E+00
  0.476046E+01  0.854599E-01  0.154569E+00
  0.476321E+01  0.784842E-01  0.155771E+00
  0.476595E+01  0.553754E-01  0.151893E+00
  0.476869E+01  0.241861E+00  0.155577E+00
  0.477143E+01  0.906541E-01  0.153265E+00
  0.477417E+01  0.889652E-01  0.153539E+00
  0.477691E+01  0.474494E-01  0.151696E+00
  0.477965E+01 -0.127003E+00  0.150898E+00
  0.478239E+01  0.901300E-01  0.148602E+00
  0.478513E+01  0.902529E-01  0.154618E+00
  0.478787E+01 -0.133714E+00  0.150359E+00
  0.479061E+01  0.375759E-01  0.151672E+00
  0.479335E+01 -0.112574E+00  0.152221E+00
  0.479609E+01  0.134306E+00  0.152498E+00
  0.479883E+01  0.225288E+00  0.153875E+00
  0.480157E+01  0.313792E+00  0.151301E+00
  0.480431E+01  0.149194E+00  0.153212E+00
  0.480705E+01  0.232467E+00  0.151999E+00
  0.480979E+01  0.237740E-01  0.151670E+00
  0.481253E+01  0.463627E-01  0.155212E+00
  0.481527E+01  0.384657E+00  0.152702E+00
  0.481801E+01  0.704151E-01  0.154323E+00
  0.482075E+01  0.319030E+00  0.154026E+00
  0.482349E+01  0.294350E+00  0.152842E+00
  0.482623E+01  0.305802E+00  0.153545E+00
  0.482897E+01  0.331002E+00  0.156486E+00
  0.483171E+01  0.346134E-01  0.154605E+00
  0.483445E+01  0.109030E+00  0.156546E+00
  0.483719E+01  0.169688E+00  0.152625E+00
  0.483993E+01  0.183207E+00  0.153699E+00
  0.484267E+01  0.503415E-01  0.152643E+00
  0.484541E+01  0.166950E-01  0.155567E+00
  0.484815E+01 -0.249708E+00  0.153128E+00
  0.485090E+01  0.232705E+00  0.152039E+00
  0.485364E+01  0.172947E+00  0.153624E+00
  0.485638E+01  0.180079E+00  0.152381E+00
  0.485912E+01  0.133498E+00  0.154455E+00
  0.486186E+01  0.241413E+00  0.151794E+00
  0.486460E+01  0.218337E+00  0.153915E+00
  0.486734E+01  0.143538E+00  0.154956E+00
  0.487008E+01  0.146557E+00  0.153046E+00
  0.487282E+01  0.506727E-01  0.153194E+00
  0.487556E+01  0.316251E+00  0.152595E+00
  0.487830E+01  0.604687E-01  0.153757E+00
  0.488104E+01  0.511712E-02  0.152447E+00
  0.488378E+01  0.209262E+00  0.153916E+00
  0.488652E+01  0.108702E-01  0.154292E+00
  0.488926E+01  0.262943E+00  0.151160E+00
  0.489200E+01  0.100381E-01  0.153943E+00
  0.489474E+01  0.161905E+00  0.155426E+00
  0.489748E+01  0.359306E+00  0.153649E+00
  0.490022E+01  0.155565E+00  0.152328E+00
  0.490296E+01  0.305191E+00  0.153503E+00
  0.490570E+01  0.133020E+00  0.153916E+00
  0.490844E+01  0.177729E+00  0.151975E+00
  0.491118E+01  0.274306E+00  0.154374E+00
  0.491392E+01 -0.219394E-01  0.155142E+00
  0.491666E+01  0.136343E+00  0.152731E+00
  0.491940E+01  0.243015E+00  0.155538E+00
  0.492214E+01  0.338668E+00  0.154736E+00
  0.492488E+01  0.190494E+00  0.157033E+00
  0.492762E+01  0.569325E-01  0.153646E+00
  0.493036E+01  0.172398E+00  0.153153E+00
  0.493310E+01 -0.927984E-01  0.155401E+00
  0.493584E+01 -0.611831E-01  0.155514E+00
  0.493858E+01  0.281374E+00  0.153516E+00
  0.494133E+01  0.124737E+00  0.155484E+00
  0.494407E+01 -0.306126E-01  0.151627E+00
  0.494681E+01  0.108195E+00  0.154740E+00
  0.494955E+01 -0.109729E-01  0.152010E+00
  0.495229E+01  0.352013E+00  0.155060E+00
  0.495503E+01 -0.112157E+00  0.153380E+00
  0.495777E+01 -0.747053E-01  0.153255E+00
  0.496051E+01  0.338391E+00  0.153142E+00
  0.496325E+01  0.135093E+00  0.153503E+00
  0.496599E+01  0.216497E+00  0.159028E+00
  0.496873E+01  0.430946E-01  0.151710E+00
  0.497147E+01  0.119081E+00  0.154261E+00
  0.497421E+01  0.198077E+00  0.151895E+00
  0.497695E+01  0.568577E-01  0.155234E+00
  0.497969E+01  0.261721E-01  0.154028E+00
  0.498243E+01  0.983232E-01  0.156603E+00
  0.498517E+01  0.887801E-01  0.154745E+00
  0.498791E+01  0.234062E+00  0.154166E+00
  0.499065E+01  0.139053E+00  0.153833E+00
  0.499339E+01  0.199024E+00  0.156469E+00
  0.499613E+01  0.243254E+00  0.153595E+00
  0.499887E+01 -0.543916E-01  0.153622E+00
  0.500161E+01 -0.106629E+00  0.152946E+00
  0.500435E+01  0.106958E+00  0.152434E+00
  0.500709E+01  0.322942E+00  0.153292E+00
  0.500983E+01  0.167689E+00  0.155392E+00
  0.501257E+01  0.247403E-01  0.153632E+00
  0.501531E+01  0.196406E+00  0.153437E+00
  0.501805E+01  0.311900E+00  0.153122E+00
  0.502079E+01  0.758328E-01  0.155666E+00
  0.502353E+01  0.305799E+00  0.155202E+00
  0.502627E+01  0.222470E+00  0.155681E+00
  0.502902E+01  0.589379E-01  0.152922E+00
  0.503176E+01  0.355249E-01  0.153247E+00
  0.503450E+01  0.116082E+00  0.151741E+00
  0.503724E+01  0.241712E+00  0.153364E+00
  0.503998E+01  0.125000E+00  0.155919E+00
  0.504272E+01  0.250155E+00  0.149838E+00
  0.504546E+01 -0.419087E-02  0.154163E+00
  0.504820E+01  0.228800E+00  0.154193E+00
  0.505094E+01  0.126444E+00  0.154643E+00
  0.505368E+01  0.246633E+00  0.155500E+00
  0.505642E+01  0.194786E+00  0.154298E+00
  0.505916E+01  0.162781E+00  0.155656E+00
  0.506190E+01  0.239846E+00  0.153605E+00
  0.506464E+01  0.236911E+00  0.153866E+00
  0.506738E+01  0.279174E+00  0.154705E+00
  0.507012E+01 -0.499134E-01  0.154955E+00
  0.507286E+01  0.200607E+00  0.155705E+00
  0.507560E+01  0.240316E+00  0.154089E+00
  0.507834E+01  0.340545E+00  0.156396E+00
  0.508108E+01  0.119727E+00  0.152365E+00
  0.508382E+01  0.936906E-01  0.155547E+00
  0.508656E+01  0.213297E+00  0.154813E+00
  0.508930E+01  0.423975E+00  0.155666E+00
  0.509204E+01  0.248514E-02  0.155134E+00
  0.509478E+01 -0.493434E-01  0.155027E+00
  0.509752E+01  0.219996E+00  0.152600E+00
  0.510026E+01  0.205120E-01  0.154246E+00
  0.510300E+01  0.154905E+00  0.156676E+00
  0.510574E+01  0.384940E+00  0.156739E+00
  0.510848E+01  0.119930E+00  0.154841E+00
  0.511122E+01  0.253264E+00  0.156141E+00
  0.511396E+01  0.149071E+00  0.156528E+00
  0.511671E+01 -0.557482E-01  0.154281E+00
  0.511945E+01  0.144742E-01  0.155271E+00
  0.512219E+01  0.272248E+00  0.155725E+00
  0.512493E+01 -0.113173E+00  0.155030E+00
  0.512767E+01  0.167289E+00  0.153240E+00
  0.513041E+01  0.206580E+00  0.155568E+00
  0.513315E+01  0.936564E-01  0.156155E+00
  0.513589E+01 -0.273537E-01  0.154549E+00
  0.513863E+01  0.158559E-01  0.154882E+00
  0.514137E+01  0.105417E+00  0.155951E+00
  0.514411E+01  0.200598E+00  0.156358E+00
  0.514685E+01  0.143184E+00  0.155590E+00
  0.514959E+01  0.956322E-01  0.153347E+00
  0.515233E+01  0.132877E+00  0.155311E+00
  0.515507E+01  0.249856E+00  0.155523E+00
  0.515781E+01  0.114093E+00  0.155368E+00
  0.516055E+01  0.123755E+00  0.154882E+00
  0.516329E+01 -0.470635E-01  0.155184E+00
  0.516603E+01  0.129324E+00  0.155182E+00
  0.516877E+01  0.121838E+00  0.155022E+00
  0.517151E+01  0.199103E+00  0.153021E+00
  0.517425E+01  0.419931E-01  0.156924E+00
  0.517699E+01  0.569720E-01  0.154673E+00
  0.517973E+01  0.201729E+00  0.157167E+00
  0.518247E+01  0.860831E-01  0.155499E+00
  0.518521E+01  0.221710E+00  0.155308E+00
  0.518795E+01  0.952850E-01  0.156782E+00
  0.519069E+01  0.161385E+00  0.156953E+00
  0.519343E+01  0.327450E+00  0.157434E+00
  0.519617E+01  0.383877E+00  0.155742E+00
  0.519891E+01 -0.538771E-01  0.156134E+00
  0.520165E+01  0.350969E+00  0.157588E+00
  0.520439E+01  0.256500E+00  0.156602E+00
  0.520714E+01  0.156663E+00  0.155122E+00
  0.520988E+01  0.225126E+00  0.155756E+00
  0.521262E+01  0.198860E-01  0.153427E+00
  0.521536E+01  0.480457E+00  0.157958E+00
  0.521810E+01  0.966601E-01  0.154834E+00
  0.522084E+01  0.939516E-01  0.158273E+00
  0.522358E+01  0.211414E+00  0.155390E+00
  0.522632E+01  0.215689E+00  0.156757E+00
  0.522906E+01  0.414005E-01  0.156217E+00
  0.523180E+01  0.172866E+00  0.154459E+00
  0.523454E+01  0.377634E+00  0.155388E+00
  0.523728E+01  0.384956E+00  0.159796E+00
  0.524002E+01 -0.554091E-02  0.156560E+00
  0.524276E+01  0.211395E+00  0.155492E+00
  0.524550E+01  0.278097E-01  0.156511E+00
  0.524824E+01  0.288189E+00  0.157114E+00
  0.525098E+01  0.999796E-01  0.156768E+00
  0.525372E+01  0.124087E+00  0.156186E+00
  0.525646E+01 -0.823366E-01  0.157505E+00
  0.525920E+01  0.485820E-01  0.157046E+00
  0.526194E+01  0.277639E+00  0.156200E+00
  0.526468E+01  0.137058E+00  0.157465E+00
  0.526742E+01  0.136033E+00  0.157740E+00
  0.527016E+01  0.498479E-01  0.155431E+00
  0.527290E+01  0.119748E+00  0.156594E+00
  0.527564E+01 -0.286219E-01  0.158273E+00
  0.527838E+01  0.227867E+00  0.156717E+00
  0.528112E+01  0.435074E+00  0.158767E+00
  0.528386E+01  0.902140E-01  0.157526E+00
  0.528660E+01  0.277980E+00  0.159356E+00
  0.528934E+01  0.310331E+00  0.156693E+00
  0.529208E+01  0.968659E-01  0.157825E+00
  0.529483E+01  0.325095E+00  0.159203E+00
  0.529757E+01  0.191945E+00  0.186111E+00
  0.530031E+01  0.468048E+00  0.202241E+00
  0.530305E+01 -0.567052E-02  0.219165E+00
  0.530579E+01  0.212248E+00  0.229998E+00
  0.530853E+01  0.241523E+00  0.241198E+00
  0.531127E+01 -0.206971E+00  0.243885E+00
  0.531401E+01 -0.237356E+00  0.259798E+00
  0.531675E+01  0.177099E+00  0.274215E+00
  0.531949E+01  0.120411E+00  0.279933E+00
  0.532223E+01  0.812547E-01  0.198623E+00
  0.532497E+01  0.810474E-01  0.191441E+00
  0.532771E+01  0.514198E-01  0.184723E+00
  0.533045E+01  0.143341E+00  0.179772E+00
  0.533319E+01 -0.238731E+00  0.177087E+00
  0.533593E+01  0.180825E+00  0.175948E+00
  0.533867E+01  0.284679E+00  0.176639E+00
  0.534141E+01 -0.138178E+00  0.175248E+00
  0.534415E+01  0.242730E+00  0.171864E+00
  0.534689E+01  0.833973E-01  0.176354E+00
  0.534963E+01 -0.417598E-01  0.170148E+00
  0.535237E+01  0.152533E+00  0.173582E+00
  0.535511E+01 -0.147544E-01  0.174463E+00
  0.535785E+01 -0.995790E-01  0.170020E+00
  0.536059E+01  0.312124E-01  0.169443E+00
  0.536333E+01  0.248577E+00  0.164428E+00
  0.536607E+01 -0.164796E-01  0.162726E+00
  0.536881E+01  0.257747E+00  0.160169E+00
  0.537155E+01  0.133529E+00  0.158176E+00
  0.537429E+01  0.244444E-01  0.157599E+00
  0.537703E+01  0.258613E+00  0.158528E+00
  0.537977E+01  0.348146E+00  0.156057E+00
  0.538252E+01  0.195287E+00  0.156608E+00
  0.538526E+01  0.530443E-01  0.156872E+00
  0.538800E+01 -0.437773E-01  0.160667E+00
  0.539074E+01  0.325211E+00  0.155813E+00
  0.539348E+01  0.239149E-01  0.157740E+00
  0.539622E+01  0.114491E-01  0.158117E+00
  0.539896E+01  0.139524E+00  0.159936E+00
  0.540170E+01  0.164124E+00  0.156855E+00
  0.540444E+01  0.184821E+00  0.155249E+00
  0.540718E+01  0.194923E+00  0.156890E+00
  0.540992E+01  0.395576E+00  0.157395E+00
  0.541266E+01  0.758610E-01  0.156901E+00
  0.541540E+01  0.627228E-02  0.158557E+00
  0.541814E+01  0.110922E+00  0.159302E+00
  0.542088E+01  0.144549E+00  0.155386E+00
  0.542362E+01  0.466651E+00  0.159144E+00
  0.542636E+01  0.227034E+00  0.157718E+00
  0.542910E+01  0.431537E-01  0.157952E+00
  0.543184E+01  0.246739E+00  0.156326E+00
  0.543458E+01  0.267526E+00  0.159420E+00
  0.543732E+01  0.182485E+00  0.158025E+00
  0.544006E+01  0.430208E+00  0.157126E+00
  0.544280E+01  0.190174E+00  0.158421E+00
  0.544554E+01  0.125537E+00  0.155955E+00
  0.544828E+01  0.373711E+00  0.157104E+00
  0.545102E+01  0.198542E+00  0.156896E+00
  0.545376E+01  0.167492E+00  0.154842E+00
  0.545650E+01  0.274858E+00  0.157720E+00
  0.545924E+01  0.182688E+00  0.158214E+00
  0.546198E+01  0.316821E+00  0.160453E+00
  0.546472E+01  0.234085E+00  0.158425E+00
  0.546746E+01  0.771779E-01  0.153494E+00
  0.547020E+01  0.257852E+00  0.158269E+00
  0.547295E+01  0.425104E-01  0.155505E+00
  0.547569E+01  0.441995E-01  0.157927E+00
  0.547843E+01  0.219471E+00  0.157183E+00
  0.548117E+01  0.186257E+00  0.155417E+00
  0.548391E+01  0.146412E+00  0.157117E+00
  0.548665E+01  0.134318E+00  0.156631E+00
  0.548939E+01  0.303926E+00  0.154552E+00
  0.549213E+01  0.203028E+00  0.156432E+00
  0.549487E+01  0.209358E+00  0.159066E+00
  0.549761E+01  0.205727E+00  0.156919E+00
  0.550035E+01  0.330577E+00  0.158149E+00
  0.550309E+01  0.255782E+00  0.157619E+00
  0.550583E+01  0.315347E-01  0.159045E+00
  0.550857E+01 -0.169209E-02  0.158809E+00
  0.551131E+01 -0.517135E-01  0.157889E+00
  0.551405E+01  0.542748E-01  0.158057E+00
  0.551679E+01  0.107504E+00  0.156002E+00
  0.551953E+01  0.127802E+00  0.157798E+00
  0.552227E+01  0.443285E-01  0.158315E+00
  0.552501E+01  0.188032E+00  0.159246E+00
  0.552775E+01  0.222229E+00  0.157769E+00
  0.553049E+01 -0.639456E-01  0.156698E+00
  0.553323E+01  0.171174E+00  0.156902E+00
  0.553597E+01  0.145541E+00  0.159738E+00
  0.553871E+01  0.177945E+00  0.188140E+00
  0.554145E+01  0.709160E+00  0.208575E+00
  0.554419E+01  0.214194E+00  0.222455E+00
  0.554693E+01  0.210294E+00  0.176425E+00
  0.554967E+01  0.292027E+00  0.171459E+00
  0.555241E+01  0.206067E+00  0.163864E+00
  0.555515E+01  0.547179E+00  0.163598E+00
  0.555789E+01  0.958649E-01  0.165260E+00
  0.556064E+01  0.105689E+00  0.166552E+00
  0.556338E+01  0.188962E+00  0.164280E+00
  0.556612E+01  0.398628E+00  0.161728E+00
  0.556886E+01  0.231759E+00  0.160922E+00
  0.557160E+01  0.346350E+00  0.162618E+00
  0.557434E+01 -0.407546E-02  0.165958E+00
  0.557708E+01  0.426494E+00  0.161024E+00
  0.557982E+01  0.309894E+00  0.162260E+00
  0.558256E+01  0.109627E+00  0.161432E+00
  0.558530E+01  0.149146E+00  0.162529E+00
  0.558804E+01  0.110941E+00  0.161163E+00
  0.559078E+01  0.315308E+00  0.161140E+00
  0.559352E+01  0.275660E+00  0.163969E+00
  0.559626E+01  0.416700E-01  0.160305E+00
  0.559900E+01  0.253342E+00  0.157676E+00
  0.560174E+01  0.508775E-01  0.156156E+00
  0.560448E+01  0.144448E+00  0.159765E+00
  0.560722E+01  0.101323E+00  0.158525E+00
  0.560996E+01  0.100487E+00  0.159695E+00
  0.561270E+01  0.209653E-01  0.160426E+00
  0.561544E+01 -0.175185E-01  0.160519E+00
  0.561818E+01  0.153422E+00  0.158960E+00
  0.562092E+01  0.154614E-01  0.159033E+00
  0.562366E+01  0.873393E-01  0.159423E+00
  0.562640E+01  0.179426E+00  0.158821E+00
  0.562914E+01  0.205087E+00  0.160918E+00
  0.563188E+01  0.426762E+00  0.159252E+00
  0.563462E+01  0.168458E+00  0.159543E+00
  0.563736E+01  0.429603E+00  0.157264E+00
  0.564010E+01  0.111674E+00  0.155288E+00
  0.564284E+01  0.318011E+00  0.160448E+00
  0.564558E+01  0.274834E+00  0.159733E+00
  0.564833E+01  0.345158E+00  0.157604E+00
  0.565107E+01  0.143541E+00  0.158428E+00
  0.565381E+01 -0.652113E-01  0.159187E+00
  0.565655E+01  0.477230E-01  0.158997E+00
  0.565929E+01  0.105044E+00  0.158857E+00
  0.566203E+01  0.163357E+00  0.157165E+00
  0.566477E+01  0.125848E+00  0.156946E+00
  0.566751E+01  0.133393E+00  0.158104E+00
  0.567025E+01  0.191186E+00  0.158454E+00
  0.567299E+01  0.164568E+00  0.158238E+00
  0.567573E+01  0.253234E+00  0.158191E+00
  0.567847E+01  0.648074E-01  0.157067E+00
  0.568121E+01  0.140188E+00  0.159527E+00
  0.568395E+01  0.245716E+00  0.158399E+00
  0.568669E+01  0.125504E+00  0.157711E+00
  0.568943E+01  0.825812E-01  0.155245E+00
  0.569217E+01 -0.189578E-02  0.157555E+00
  0.569491E+01  0.176174E+00  0.159891E+00
  0.569765E+01  0.419717E-01  0.158387E+00
  0.570039E+01  0.170010E+00  0.160738E+00
  0.570313E+01  0.278389E+00  0.158645E+00
  0.570587E+01 -0.949062E-01  0.158179E+00
  0.570861E+01  0.177252E+00  0.157630E+00
  0.571135E+01  0.181823E+00  0.161306E+00
  0.571409E+01  0.197244E-01  0.158978E+00
  0.571683E+01  0.106939E+00  0.159578E+00
  0.571957E+01  0.355585E+00  0.158078E+00
  0.572231E+01  0.106116E+00  0.158357E+00
  0.572505E+01  0.266261E+00  0.159618E+00
  0.572779E+01  0.296022E+00  0.157068E+00
  0.573053E+01  0.317888E+00  0.163516E+00
  0.573327E+01 -0.821555E-01  0.158836E+00
  0.573601E+01  0.154951E+00  0.158636E+00
  0.573876E+01  0.325207E-01  0.158535E+00
  0.574150E+01  0.280594E+00  0.159809E+00
  0.574424E+01  0.146895E+00  0.162481E+00
  0.574698E+01  0.367602E-01  0.159572E+00
  0.574972E+01  0.122409E+00  0.159589E+00
  0.575246E+01  0.137069E+00  0.157551E+00
  0.575520E+01  0.156277E+00  0.158850E+00
  0.575794E+01  0.231955E+00  0.158375E+00
  0.576068E+01  0.288537E+00  0.158760E+00
  0.576342E+01  0.128003E+00  0.161929E+00
  0.576616E+01  0.967234E-01  0.161338E+00
  0.576890E+01  0.142237E+00  0.159005E+00
  0.577164E+01  0.233882E+00  0.157602E+00
  0.577438E+01  0.209320E+00  0.160987E+00
  0.577712E+01  0.230390E+00  0.158893E+00
  0.577986E+01  0.781695E-01  0.160623E+00
  0.578260E+01 -0.982084E-01  0.159122E+00
  0.578534E+01  0.170988E+00  0.159917E+00
  0.578808E+01  0.987688E-01  0.159365E+00
  0.579082E+01  0.164457E+00  0.158615E+00
  0.579356E+01  0.127741E+00  0.159009E+00
  0.579630E+01  0.131891E+00  0.160968E+00
  0.579904E+01 -0.135265E+00  0.160266E+00
  0.580178E+01 -0.137001E-01  0.159727E+00
  0.580452E+01  0.130521E+00  0.162726E+00
  0.580726E+01  0.912449E-01  0.159683E+00
  0.581000E+01  0.552006E-01  0.159435E+00
  0.581274E+01  0.395515E+00  0.160946E+00
  0.581548E+01  0.291941E+00  0.158733E+00
  0.581822E+01 -0.136626E-01  0.161206E+00
  0.582096E+01 -0.392164E-01  0.160967E+00
  0.582370E+01  0.755650E-01  0.162225E+00
  0.582645E+01  0.201233E+00  0.159046E+00
  0.582919E+01  0.248463E+00  0.159809E+00
  0.583193E+01  0.139085E+00  0.159456E+00
  0.583467E+01  0.339258E-01  0.159237E+00
  0.583741E+01  0.876120E-01  0.157836E+00
  0.584015E+01  0.273578E+00  0.158193E+00
  0.584289E+01  0.107721E+00  0.161035E+00
  0.584563E+01  0.355649E-01  0.160039E+00
  0.584837E+01  0.217026E+00  0.163264E+00
  0.585111E+01  0.147663E+00  0.162268E+00
  0.585385E+01  0.555177E+00  0.162603E+00
  0.585659E+01  0.302375E+00  0.161756E+00
  0.585933E+01  0.167330E+00  0.160931E+00
  0.586207E+01  0.275403E+00  0.159894E+00
  0.586481E+01  0.319778E+00  0.163350E+00
  0.586755E+01  0.812898E-01  0.161333E+00
  0.587029E+01  0.279395E+00  0.159761E+00
  0.587303E+01  0.337095E+00  0.159843E+00
  0.587577E+01  0.201400E+00  0.159528E+00
  0.587851E+01  0.123724E+00  0.159689E+00
  0.588125E+01 -0.614976E-01  0.161267E+00
  0.588399E+01  0.365820E+00  0.161126E+00
  0.588673E+01  0.261770E-01  0.159403E+00
  0.588947E+01  0.356695E+00  0.160228E+00
  0.589221E+01  0.179949E+00  0.159120E+00
  0.589495E+01 -0.203151E+00  0.159973E+00
  0.589769E+01  0.113874E+00  0.161087E+00
  0.590043E+01  0.411057E+00  0.162778E+00
  0.590317E+01 -0.151059E+00  0.162313E+00
  0.590591E+01  0.268578E+00  0.161114E+00
  0.590865E+01  0.340258E+00  0.159845E+00
  0.591139E+01 -0.166811E+00  0.159773E+00
  0.591413E+01  0.189244E+00  0.159793E+00
  0.591688E+01  0.325494E+00  0.162594E+00
  0.591962E+01  0.289472E+00  0.162183E+00
  0.592236E+01 -0.584014E-01  0.162454E+00
  0.592510E+01  0.194020E+00  0.160743E+00
  0.592784E+01  0.220713E+00  0.163550E+00
  0.593058E+01  0.543736E-01  0.166822E+00
  0.593332E+01  0.201055E+00  0.161109E+00
  0.593606E+01  0.274938E+00  0.160252E+00
  0.593880E+01  0.123806E-01  0.165046E+00
  0.594154E+01  0.176085E+00  0.162969E+00
  0.594428E+01  0.177185E+00  0.160036E+00
  0.594702E+01  0.570529E+00  0.161198E+00
  0.594976E+01  0.745806E-01  0.161868E+00
  0.595250E+01  0.358118E+00  0.159356E+00
  0.595524E+01  0.288975E+00  0.161158E+00
  0.595798E+01  0.163931E+00  0.162959E+00
  0.596072E+01  0.310920E+00  0.163808E+00
  0.596346E+01  0.254215E+00  0.164092E+00
  0.596620E+01  0.180337E+00  0.161120E+00
  0.596894E+01  0.971320E-01  0.163176E+00
  0.597168E+01  0.303544E+00  0.162911E+00
  0.597442E+01  0.199454E+00  0.162252E+00
  0.597716E+01  0.573635E-01  0.165917E+00
  0.597990E+01  0.221415E+00  0.162015E+00
  0.598264E+01  0.261327E+00  0.198499E+00
  0.598538E+01  0.368670E+00  0.214337E+00
  0.598812E+01  0.396812E+00  0.228583E+00
  0.599086E+01  0.195546E+00  0.241878E+00
  0.599360E+01 -0.119050E+00  0.256421E+00
  0.599634E+01  0.570031E-01  0.264129E+00
  0.599908E+01 -0.119531E+00  0.296300E+00
  0.600182E+01 -0.125871E+00  0.317825E+00
  0.600457E+01 -0.155878E+00  0.318877E+00
  0.600731E+01 -0.110176E+00  0.334161E+00
  0.601005E+01 -0.529583E+00  0.366076E+00
  0.601279E+01  0.810350E-02  0.369014E+00
  0.601553E+01  0.838380E+00  0.411813E+00
  0.601827E+01  0.427698E+00  0.425395E+00
  0.602101E+01  0.308025E+00  0.487175E+00
  0.602375E+01  0.364910E+00  0.589881E+00
  0.602649E+01  0.347410E+00  0.660568E+00
  0.602923E+01 -0.137425E+00  0.841797E+00
  0.603197E+01  0.397454E+00  0.158131E+01
 ========================================
Description:                            Ao 02                                   
Sample:           Ao 02  c=  2.160 mg/ml Code:         A0                       
Averaged from raw files: biehl_338_001.tiff biehl_338_002.tiff biehl_338_003.tif
Processed by: cbf-primus Tue Dec 13 22:59:44 2011                               
Channels from 1 to 2441                                                         
Angular axis file: /data/x33/Users2011/Biehl.1211/aux/saxs-0/saxis_20110920.dat 
BeamCenter_X:  2425.000  BeamCenter_Y:   116.000                                
Mask file (beamstop): /data/x33/Users2011/Biehl.1211/aux/saxs-0/mask_saxs_201109
Exposure time (sec):   15.000                                                   
Pin diode (mean):       1.142                                                   
Reference frame:    1                                                           
Chi-value threshold:    1.450                                                   
 ========================================
Description:                            B0                                      
Sample:              B0  c=  0.000 mg/ml Code:         A0                       
Averaged from raw files: biehl_337_001.tiff biehl_337_002.tiff biehl_337_003.tif
Processed by: cbf-primus Tue Dec 13 22:56:14 2011                               
Channels from 1 to 2441                                                         
Angular axis file: /data/x33/Users2011/Biehl.1211/aux/saxs-0/saxis_20110920.dat 
BeamCenter_X:  2425.000  BeamCenter_Y:   116.000                                
Mask file (beamstop): /data/x33/Users2011/Biehl.1211/aux/saxs-0/mask_saxs_201109
Exposure time (sec):   15.000                                                   
Pin diode (mean):       1.147                                                   
Reference frame:    1                                                           
Chi-value threshold:    1.450                                                   
 ========================================
Description:                            B0                                      
Sample:              B0  c=  0.000 mg/ml Code:         A0                       
Averaged from raw files: biehl_339_001.tiff biehl_339_002.tiff biehl_339_003.tif
Processed by: cbf-primus Tue Dec 13 23:03:16 2011                               
Channels from 1 to 2441                                                         
Angular axis file: /data/x33/Users2011/Biehl.1211/aux/saxs-0/saxis_20110920.dat 
BeamCenter_X:  2425.000  BeamCenter_Y:   116.000                                
Mask file (beamstop): /data/x33/Users2011/Biehl.1211/aux/saxs-0/mask_saxs_201109
Exposure time (sec):   15.000                                                   
Pin diode (mean):       1.141                                                   
Reference frame:    1                                                           
Chi-value threshold:    1.450                                                   
 ========================================
